,Live|NK cell,Live|hepatocyte,Live|Kupffer cell,Live|liver sinusoid EC,Live|B cell,Kidn|kidney collectin..,Kidn|kidney tubule cell,Kidn|endothelial cell,Kidn|fenestrated cell,Kidn|leukocyte,Kidn|fibroblast,Sple|T cell,Sple|B cell,Sple|myeloid cell,Lung|endothelial cell,Lung|stromal cell,Lung|type II pneumocyte,Lung|B cell,Lung|leukocyte,Lung|monocyte,Lung|dendritic cell,Lung|T cell,Lung|NK cell,Lung|macrophage,Hear|fibroblast,Hear|endothelial cell,Hear|smooth muscle cell,Hear|endocardial cell,Hear|leukocyte,Hear|cardiac muscle,Marr|B cell,Marr|Fraction A pre-p..,Marr|granulocyte,Marr|hematopoietic st..,Marr|monocyte,Marr|T cell,Marr|NK cell,Marr|neutrophil
Live|NK cell,0.0,6.249471758903612,7.382902538887568,7.600467646108567,5.791869341355862,3.139070763533941,6.906728778132736,4.77727325866478,7.599444841806613,6.9891505793876085,4.647021603232721,7.161633200767325,12.802677446309255,4.972568182555452,8.394806921212394,9.648906490302075,11.524810931953533,9.65009334987833,2.6255022627376903,8.185872164534581,6.990845204046167,3.2481480087261,3.3587691860456697,11.145435438632626,11.658035703155738,12.084532450860909,11.512327264219545,10.54480746011086,11.663525005312785,6.866019512261152,13.858781399171646,8.91539925039726,4.255864723809827,11.987606283166574,11.890217033327358,7.4352047134401635,6.1183014210258255,8.28162631511434
Live|hepatocyte,6.249471758903612,0.0,5.402532914873277,7.323832819651848,3.397468406436188,3.586955546206526,11.377012065671916,4.716551091632921,7.385496461926591,6.862620869798982,4.921816484652346,9.090969969819849,8.811318598467224,5.989751732578068,8.675437986592717,9.853009926952012,11.635284211949694,7.606537892573184,2.61305714557721,8.40053262837155,6.596095780496727,5.554324788075803,5.801920251360248,10.41380667479714,12.697373455806062,11.547377256411762,11.128177971703172,10.454369034975896,12.781884667071456,12.676685104770895,8.883831555042521,9.086937785569562,4.136563578633008,10.402446353625228,11.066852340442658,9.43634833528714,9.247065572723075,6.776016931316075
Live|Kupffer cell,7.382902538887568,5.402532914873277,0.0,8.84465811952878,4.1590633211328925,3.3643829371428753,8.289550869825403,5.213950891047323,7.6164301699775585,4.861514386074524,5.317235859611224,10.159852126643223,9.49798319153851,3.80324869917278,8.283308771439808,9.499519326072628,10.368888514419766,8.026537651364938,2.4684923392549485,6.610322115493843,5.9338689633629444,5.358757636498273,6.002463302722479,9.702460908244483,11.055483280148833,12.049227149780195,10.435932571321061,9.954363270860492,7.779701861933757,6.939096918990296,10.220622636828592,9.80807054191283,4.111672883501543,8.78917152391197,9.074548855301705,10.25038727899051,10.36700425776477,8.113262265419564
Live|liver sinusoid EC,7.600467646108567,7.323832819651848,8.84465811952878,0.0,5.80012008230997,3.1897265224508,8.648907722090687,3.804456400931348,7.0717852893134605,8.626875052317066,5.812839431461475,10.660014557410678,12.168629717570807,6.468823246554109,6.4879128227235014,19.11397463213099,16.187236661463068,8.310152234441524,3.03678394679842,9.864462145982024,8.792665379178148,4.922324990627904,6.040507450327572,13.392652055451316,16.92068709351193,11.654546030157983,16.604372560966894,10.94869944750997,15.649014005840925,7.207121443283981,11.945271735035986,13.891015789126865,5.568812969954821,9.114737283861238,12.886591202502347,13.517501998844528,11.254924858823797,10.821858351083607
Live|B cell,5.791869341355862,3.397468406436188,4.1590633211328925,5.80012008230997,0.0,2.727831601309518,5.043717692041554,4.328546397265394,5.9234005270839845,4.789899597048139,3.881038606135124,7.675344798144919,3.97910035949289,4.025443398215298,5.907226598020832,6.473564559628954,6.834689740314023,3.3324257742296624,2.5533358989092485,5.8028349483062795,5.488599878817382,4.29663645883922,4.973042337808147,6.280761391587155,6.83315095213937,7.905096140289225,7.155950951522623,6.693752215894618,7.04213268323843,5.0352635655121265,5.092916406172452,6.696633931300229,4.167195607035044,6.5987781880465235,6.973276662979569,7.2999482010438115,7.672422716635499,6.427420355561548
Kidn|kidney collectin..,3.139070763533941,3.586955546206526,3.3643829371428753,3.1897265224508,2.727831601309518,0.0,2.2914881712078565,2.69706345391819,2.9397514746637268,2.872389664507959,2.099162316981565,3.2435472670629717,3.1135091543987765,2.7399500447837863,3.4995676356092984,3.00098806851621,3.162229069903192,3.1178616302808315,2.163414613869537,3.440927815471891,3.0004497437978594,3.0527736459435695,3.138124300649503,3.211892678506821,3.338476534316771,3.5930277256187897,3.319282954181575,3.3858519656219084,3.6605001136798956,3.2206377074183243,3.0274479596382533,2.896558828871814,2.8271736202002073,3.1042356260093404,3.773878696785256,3.0985176580777423,3.373067453200467,3.2268911802768976
Kidn|kidney tubule cell,6.906728778132736,11.377012065671916,8.289550869825403,8.648907722090687,5.043717692041554,2.2914881712078565,0.0,4.321793667491441,6.477360303312014,6.062558338963558,1.691516754385192,6.838801085897953,7.271672258670501,5.350304960641022,7.0238399873100335,7.728358019989589,9.235597817111879,6.120905295508169,2.7247710059342647,7.22724032965449,6.341181198743559,4.66271820250582,5.042321435434829,8.297942112168686,8.79511927852975,8.945752744371326,9.301063554543061,8.529514980141657,10.073841020192488,9.440455823183498,7.049907774280485,7.225316114174245,4.551483090577195,7.096077780437649,9.252859947614821,7.6022592151556205,7.466961798169659,7.12828800147952
Kidn|endothelial cell,4.77727325866478,4.716551091632921,5.213950891047323,3.804456400931348,4.328546397265394,2.69706345391819,4.321793667491441,0.0,1.3042661822969073,4.573036563191582,3.7616210671948793,5.370041516864257,5.391962076791135,4.143089370804142,2.9236219704697644,4.908270642173112,5.424437590945069,4.938275793696882,2.6313319103988344,5.144994389992427,4.525444425194212,3.6935590150390873,4.35728893867449,5.435243994055861,5.365916455335333,2.651192336605755,5.059927363683428,3.6694740415146176,5.893559612269954,3.7232404068428817,5.088430533806753,5.274778002167299,3.751371061578779,4.1966135895851195,5.913817913884528,5.304485950795644,5.458193910967143,4.982649937694856
Kidn|fenestrated cell,7.599444841806613,7.385496461926591,7.6164301699775585,7.0717852893134605,5.9234005270839845,2.9397514746637268,6.477360303312014,1.3042661822969073,0.0,6.846491582491082,4.734069497260909,7.902861218584752,9.088166236899376,5.672576606424209,3.8604927637975743,9.831274881951947,9.724116314376397,6.902644749479999,2.9441161786175223,7.162150261882312,6.6033173459799945,4.168057983194487,5.142028669432113,8.696827154213286,9.964552824957535,4.375269168626216,10.349559858914695,6.237881338439095,9.852423867717727,5.670380273866639,8.52109030391271,8.411369422707807,4.8155209800336,7.1085584921805465,8.327474674891478,9.809517000325759,8.471253205779451,7.661318657843027
Kidn|leukocyte,6.9891505793876085,6.862620869798982,4.861514386074524,8.626875052317066,4.789899597048139,2.872389664507959,6.062558338963558,4.573036563191582,6.846491582491082,0.0,4.706500274653161,7.433114891978623,7.486973434570683,2.8371817838833624,5.519693802338501,9.055442625210148,7.614775623799264,5.63601309557453,1.8177401226452496,3.136117546740774,3.5450559849183447,3.9603088230738694,4.390988203506115,4.540499890973577,8.18419471628331,8.584471800119383,8.768626944520184,7.906869547766435,2.467079837474512,5.360116764628479,7.044853377049975,7.559152932213074,3.328216610710827,6.148056409567566,4.514719203743603,8.179924727358854,7.149974091375347,6.243737797932484
Kidn|fibroblast,4.647021603232721,4.921816484652346,5.317235859611224,5.812839431461475,3.881038606135124,2.099162316981565,1.691516754385192,3.7616210671948793,4.734069497260909,4.706500274653161,0.0,4.553042649190668,5.463018328953694,4.127693073392305,4.348921391740549,4.828033361103321,5.78830534975994,4.486701124737283,2.455049797022798,5.0115630657327594,4.7240058444610735,3.341158679974419,3.5025497583781973,5.711641707243786,4.8666293916285905,5.681950748723103,5.776523882311574,5.089809959272847,5.9726311711145925,4.726004704289373,5.0436066510831195,5.278420972847241,3.7904769735087442,4.8266681415907176,5.726193957272749,5.497285950645414,5.023974068355964,5.557982015367732
Sple|T cell,7.161633200767325,9.090969969819849,10.159852126643223,10.660014557410678,7.675344798144919,3.2435472670629717,6.838801085897953,5.370041516864257,7.902861218584752,7.433114891978623,4.553042649190668,0.0,12.01270989135507,5.531552271470872,11.242396856582117,9.688672898219282,11.575584657477359,9.992884032238482,2.686746588627413,9.918045023631706,6.851806575869229,2.4642718476600254,3.2852027860383664,12.546770310614864,13.277413851592575,15.237976246058334,12.183535486906393,13.632710021928132,15.183428569009552,6.91533238634006,12.637366035363884,6.884667285860931,4.564486830076279,13.375626942523285,15.12063098296918,3.780694856210611,7.184601745393157,8.292059117284685
Sple|B cell,12.802677446309255,8.811318598467224,9.49798319153851,12.168629717570807,3.97910035949289,3.1135091543987765,7.271672258670501,5.391962076791135,9.088166236899376,7.486973434570683,5.463018328953694,12.01270989135507,0.0,5.471597646396982,7.245147148836711,12.747766588070611,11.667913015092402,2.0738299348226468,2.7852801660206676,7.990882279963158,8.067387487886675,4.393487198941483,5.221969673406371,11.945586023531268,11.79660832704054,13.353949181176542,14.358439053679662,10.731479101836323,12.822326676549023,6.955213762437195,8.286164359313485,11.368198214986952,5.275029309693643,12.850738733272792,11.598670593430906,19.940769867639197,13.569228155521458,10.752778129791613
Sple|myeloid cell,4.972568182555452,5.989751732578068,3.80324869917278,6.468823246554109,4.025443398215298,2.7399500447837863,5.350304960641022,4.143089370804142,5.672576606424209,2.8371817838833624,4.127693073392305,5.531552271470872,5.471597646396982,0.0,5.19839260677212,6.311979715255613,6.357555525769294,4.198099956587274,2.052298207317599,2.8634709033479218,2.738289162214595,3.3536162641049465,3.7069565623658502,3.345030559551023,6.343916125497988,7.024088353725226,7.228221326730962,6.332500533917798,3.571124732403294,4.909727941926877,5.255204806636219,4.494447677917535,3.277830127800388,4.982705928046345,3.2114968731481506,5.498941338301044,5.493074227288063,5.319339651344771
Lung|endothelial cell,8.394806921212394,8.675437986592717,8.283308771439808,6.4879128227235014,5.907226598020832,3.4995676356092984,7.0238399873100335,2.9236219704697644,3.8604927637975743,5.519693802338501,4.348921391740549,11.242396856582117,7.245147148836711,5.19839260677212,0.0,6.748181515476981,10.339627697053075,7.918291680681484,2.823636152155244,9.782939283501182,5.590154574977188,6.34089845580351,8.382273192379147,9.409760044638864,11.522805620584725,6.591750125602605,8.886535708527623,7.879014576820344,11.754295793233998,6.144071199487368,8.09653808863507,7.560840779746868,4.404661022813312,8.147678164829534,15.380817315123915,8.137631553711062,11.730057313031308,6.600543800741183
Lung|stromal cell,9.648906490302075,9.853009926952012,9.499519326072628,19.11397463213099,6.473564559628954,3.00098806851621,7.728358019989589,4.908270642173112,9.831274881951947,9.055442625210148,4.828033361103321,9.688672898219282,12.747766588070611,6.311979715255613,6.748181515476981,0.0,14.163554275520735,8.03658109032571,2.6890345460072136,8.309954605678408,7.645328993009855,4.676588554375662,5.159875539061252,12.288771195406802,6.157844735385035,12.776902709693573,14.41045719336982,12.118815372443699,15.496767154411394,6.8457816785417585,11.641269470722367,12.269831232393502,5.01267079412449,11.09715876996052,10.926175482842353,14.21435758949409,10.797849855500576,9.460547264932021
Lung|type II pneumocyte,11.524810931953533,11.635284211949694,10.368888514419766,16.187236661463068,6.834689740314023,3.162229069903192,9.235597817111879,5.424437590945069,9.724116314376397,7.614775623799264,5.78830534975994,11.575584657477359,11.667913015092402,6.357555525769294,10.339627697053075,14.163554275520735,0.0,8.84760617553928,2.8454740167635237,9.426623820060083,7.513997979420392,5.997712424558783,6.628999048139268,12.991045798349058,17.814777840246627,16.242646198287737,16.542516341316503,16.861312583143686,15.577784776679755,8.73349103983686,12.5541397102478,12.318088113256872,4.762423596220616,11.970182485289367,13.141173550526213,13.473769326160706,12.774420103160757,8.575569916592372
Lung|B cell,9.65009334987833,7.606537892573184,8.026537651364938,8.310152234441524,3.3324257742296624,3.1178616302808315,6.120905295508169,4.938275793696882,6.902644749479999,5.63601309557453,4.486701124737283,9.992884032238482,2.0738299348226468,4.198099956587274,7.918291680681484,8.03658109032571,8.84760617553928,0.0,2.717988848734428,8.127362531700912,5.714538121060057,4.8214191008517995,5.878996720419075,8.413607440829576,9.988098318972723,10.618112617493692,9.058055766648586,9.600760862016875,10.482431861390767,6.120467634803883,3.6065211151634644,6.582517276565756,4.423089786244412,8.539491953843003,10.115422919070053,8.105399649367554,11.991635600582871,7.183385926466087
Lung|leukocyte,2.6255022627376903,2.61305714557721,2.4684923392549485,3.03678394679842,2.5533358989092485,2.163414613869537,2.7247710059342647,2.6313319103988344,2.9441161786175223,1.8177401226452496,2.455049797022798,2.686746588627413,2.7852801660206676,2.052298207317599,2.823636152155244,2.6890345460072136,2.8454740167635237,2.717988848734428,0.0,1.8109176716514317,1.7728940000101228,2.4532418691012277,2.576174310309386,2.2984617298210632,2.7526304465824802,3.0620009513295097,2.891594487845775,2.8376827283225303,2.0534207247810143,2.4954628401350782,2.5892158450997154,2.683041657813189,1.1725841663845187,2.1140625114997906,2.0503601356462577,2.506248549471876,2.5317435364627703,1.9423792367845127
Lung|monocyte,8.185872164534581,8.40053262837155,6.610322115493843,9.864462145982024,5.8028349483062795,3.440927815471891,7.22724032965449,5.144994389992427,7.162150261882312,3.136117546740774,5.0115630657327594,9.918045023631706,7.990882279963158,2.8634709033479218,9.782939283501182,8.309954605678408,9.426623820060083,8.127362531700912,1.8109176716514317,0.0,2.9251380265013047,5.212983969089852,5.862137198316476,6.022333446151895,10.841502361105455,12.80418976734853,10.09044149269764,11.09542971837751,6.211482741434262,6.624479668539589,8.561002889508522,7.523229615723986,3.2209382992069946,7.354479145615233,3.4649476152602823,8.032066323554725,10.177288428745577,5.882534122616064
Lung|dendritic cell,6.990845204046167,6.596095780496727,5.9338689633629444,8.792665379178148,5.488599878817382,3.0004497437978594,6.341181198743559,4.525444425194212,6.6033173459799945,3.5450559849183447,4.7240058444610735,6.851806575869229,8.067387487886675,2.738289162214595,5.590154574977188,7.645328993009855,7.513997979420392,5.714538121060057,1.7728940000101228,2.9251380265013047,0.0,3.8535742595041667,4.190649812422071,5.593668750973781,7.159562883888576,8.455331006270463,8.783658369245035,6.861758183045848,4.9238638903591125,5.091230196519547,7.090431080745899,7.096664855147766,4.263476736009877,5.050636607863099,4.255641324738613,7.661822086927707,7.001497919458879,7.788335073929437
Lung|T cell,3.2481480087261,5.554324788075803,5.358757636498273,4.922324990627904,4.29663645883922,3.0527736459435695,4.66271820250582,3.6935590150390873,4.168057983194487,3.9603088230738694,3.341158679974419,2.4642718476600254,4.393487198941483,3.3536162641049465,6.34089845580351,4.676588554375662,5.997712424558783,4.8214191008517995,2.4532418691012277,5.212983969089852,3.8535742595041667,0.0,3.6527539086476764,4.935344602035745,5.8977014020038085,5.644909375405114,5.583521902314281,5.828095993959829,5.549952096740386,4.4267095974391815,4.488679912882596,3.630962442548767,3.3396256407050964,5.067945593255788,6.734870945249788,2.429275862837471,3.80360540925135,4.427397959245374
Lung|NK cell,3.3587691860456697,5.801920251360248,6.002463302722479,6.040507450327572,4.973042337808147,3.138124300649503,5.042321435434829,4.35728893867449,5.142028669432113,4.390988203506115,3.5025497583781973,3.2852027860383664,5.221969673406371,3.7069565623658502,8.382273192379147,5.159875539061252,6.628999048139268,5.878996720419075,2.576174310309386,5.862137198316476,4.190649812422071,3.6527539086476764,0.0,5.68996823049217,6.631326361471339,7.17962873110104,6.211833465698179,6.699469759051101,6.5430439602222235,4.715549887765304,5.566617726401475,4.319054320589872,3.5885367478808385,5.275569679884343,7.11212897487314,2.716410858891165,2.1215240307101197,4.835554807281602
Lung|macrophage,11.145435438632626,10.41380667479714,9.702460908244483,13.392652055451316,6.280761391587155,3.211892678506821,8.297942112168686,5.435243994055861,8.696827154213286,4.540499890973577,5.711641707243786,12.546770310614864,11.945586023531268,3.345030559551023,9.409760044638864,12.288771195406802,12.991045798349058,8.413607440829576,2.2984617298210632,6.022333446151895,5.593668750973781,4.935344602035745,5.68996823049217,0.0,13.874256207125464,16.225398322236785,13.978212808263335,13.06839368859786,10.326552465714583,7.585933062065031,13.384945620051335,11.265929586824395,4.454605781589358,10.832885951625926,9.94389738703633,13.523657668115783,13.260409094571276,9.840542983622258
Hear|fibroblast,11.658035703155738,12.697373455806062,11.055483280148833,16.92068709351193,6.83315095213937,3.338476534316771,8.79511927852975,5.365916455335333,9.964552824957535,8.18419471628331,4.8666293916285905,13.277413851592575,11.79660832704054,6.343916125497988,11.522805620584725,6.157844735385035,17.814777840246627,9.988098318972723,2.7526304465824802,10.841502361105455,7.159562883888576,5.8977014020038085,6.631326361471339,13.874256207125464,0.0,21.840124280774038,14.552034719370717,22.740351214167553,26.18746092555897,8.101188861372524,12.631450833879496,11.988155072218253,4.767129435478639,14.606824633611323,15.379639176473047,13.77394134485386,14.72400926191415,8.6796967454293
Hear|endothelial cell,12.084532450860909,11.547377256411762,12.049227149780195,11.654546030157983,7.905096140289225,3.5930277256187897,8.945752744371326,2.651192336605755,4.375269168626216,8.584471800119383,5.681950748723103,15.237976246058334,13.353949181176542,7.024088353725226,6.591750125602605,12.776902709693573,16.242646198287737,10.618112617493692,3.0620009513295097,12.80418976734853,8.455331006270463,5.644909375405114,7.17962873110104,16.225398322236785,21.840124280774038,0.0,15.6926967606748,14.620631399375231,26.4121612522693,6.389816640127929,13.951832305953818,12.09326397238555,5.734357682730938,11.950288021981535,17.262686077280005,15.17324646168028,16.83215137075409,10.574623965865815
Hear|smooth muscle cell,11.512327264219545,11.128177971703172,10.435932571321061,16.604372560966894,7.155950951522623,3.319282954181575,9.301063554543061,5.059927363683428,10.349559858914695,8.768626944520184,5.776523882311574,12.183535486906393,14.358439053679662,7.228221326730962,8.886535708527623,14.41045719336982,16.542516341316503,9.058055766648586,2.891594487845775,10.09044149269764,8.783658369245035,5.583521902314281,6.211833465698179,13.978212808263335,14.552034719370717,15.6926967606748,0.0,13.475347513722328,18.883089767837106,7.353836196939276,14.272073561259921,12.183574038349708,5.452641947558711,13.65468533842102,13.301423623273417,16.72390830782449,13.648517842572794,11.112437494191942
Hear|endocardial cell,10.54480746011086,10.454369034975896,9.954363270860492,10.94869944750997,6.693752215894618,3.3858519656219084,8.529514980141657,3.6694740415146176,6.237881338439095,7.906869547766435,5.089809959272847,13.632710021928132,10.731479101836323,6.332500533917798,7.879014576820344,12.118815372443699,16.861312583143686,9.600760862016875,2.8376827283225303,11.09542971837751,6.861758183045848,5.828095993959829,6.699469759051101,13.06839368859786,22.740351214167553,14.620631399375231,13.475347513722328,0.0,20.346829465018818,7.000921087810851,11.358588393095566,10.70673917117278,4.720349765373743,11.852983534881005,14.391578674213477,12.206691055258556,14.330671569447558,8.415295618784695
Hear|leukocyte,11.663525005312785,12.781884667071456,7.779701861933757,15.649014005840925,7.04213268323843,3.6605001136798956,10.073841020192488,5.893559612269954,9.852423867717727,2.467079837474512,5.9726311711145925,15.183428569009552,12.822326676549023,3.571124732403294,11.754295793233998,15.496767154411394,15.577784776679755,10.482431861390767,2.0534207247810143,6.211482741434262,4.9238638903591125,5.549952096740386,6.5430439602222235,10.326552465714583,26.18746092555897,26.4121612522693,18.883089767837106,20.346829465018818,0.0,8.546064550493554,13.790814523930436,11.9242809607315,4.179050803271241,12.324084704539164,12.175483915656,13.625542035952625,15.969995715095118,9.546846549871963
Hear|cardiac muscle,6.866019512261152,12.676685104770895,6.939096918990296,7.207121443283981,5.0352635655121265,3.2206377074183243,9.440455823183498,3.7232404068428817,5.670380273866639,5.360116764628479,4.726004704289373,6.91533238634006,6.955213762437195,4.909727941926877,6.144071199487368,6.8457816785417585,8.73349103983686,6.120467634803883,2.4954628401350782,6.624479668539589,5.091230196519547,4.4267095974391815,4.715549887765304,7.585933062065031,8.101188861372524,6.389816640127929,7.353836196939276,7.000921087810851,8.546064550493554,0.0,7.000697631880305,6.514024168479815,3.981076338223993,8.511477194715136,8.283384686529972,7.655803897855988,7.481061308450584,6.36126925075893
Marr|B cell,13.858781399171646,8.883831555042521,10.220622636828592,11.945271735035986,5.092916406172452,3.0274479596382533,7.049907774280485,5.088430533806753,8.52109030391271,7.044853377049975,5.0436066510831195,12.637366035363884,8.286164359313485,5.255204806636219,8.09653808863507,11.641269470722367,12.5541397102478,3.6065211151634644,2.5892158450997154,8.561002889508522,7.090431080745899,4.488679912882596,5.566617726401475,13.384945620051335,12.631450833879496,13.951832305953818,14.272073561259921,11.358588393095566,13.790814523930436,7.000697631880305,0.0,10.7247292748416,4.672281137093222,13.692214430727118,13.404533321969144,16.165084655383886,16.25240682490533,9.968277305730188
Marr|Fraction A pre-p..,8.91539925039726,9.086937785569562,9.80807054191283,13.891015789126865,6.696633931300229,2.896558828871814,7.225316114174245,5.274778002167299,8.411369422707807,7.559152932213074,5.278420972847241,6.884667285860931,11.368198214986952,4.494447677917535,7.560840779746868,12.269831232393502,12.318088113256872,6.582517276565756,2.683041657813189,7.523229615723986,7.096664855147766,3.630962442548767,4.319054320589872,11.265929586824395,11.988155072218253,12.09326397238555,12.183574038349708,10.70673917117278,11.9242809607315,6.514024168479815,10.7247292748416,0.0,4.852869164833086,8.830277814850767,10.378346758059822,9.842687680294897,8.199424545493235,9.930951153626156
Marr|granulocyte,4.255864723809827,4.136563578633008,4.111672883501543,5.568812969954821,4.167195607035044,2.8271736202002073,4.551483090577195,3.751371061578779,4.8155209800336,3.328216610710827,3.7904769735087442,4.564486830076279,5.275029309693643,3.277830127800388,4.404661022813312,5.01267079412449,4.762423596220616,4.423089786244412,1.1725841663845187,3.2209382992069946,4.263476736009877,3.3396256407050964,3.5885367478808385,4.454605781589358,4.767129435478639,5.734357682730938,5.452641947558711,4.720349765373743,4.179050803271241,3.981076338223993,4.672281137093222,4.852869164833086,0.0,3.367105124261788,3.1572281361275127,4.712859010667489,4.070809280475603,2.714739221073946
Marr|hematopoietic st..,11.987606283166574,10.402446353625228,8.78917152391197,9.114737283861238,6.5987781880465235,3.1042356260093404,7.096077780437649,4.1966135895851195,7.1085584921805465,6.148056409567566,4.8266681415907176,13.375626942523285,12.850738733272792,4.982705928046345,8.147678164829534,11.09715876996052,11.970182485289367,8.539491953843003,2.1140625114997906,7.354479145615233,5.050636607863099,5.067945593255788,5.275569679884343,10.832885951625926,14.606824633611323,11.950288021981535,13.65468533842102,11.852983534881005,12.324084704539164,8.511477194715136,13.692214430727118,8.830277814850767,3.367105124261788,0.0,11.07379380128267,11.995887097490945,13.427654240291217,6.401367431482308
Marr|monocyte,11.890217033327358,11.066852340442658,9.074548855301705,12.886591202502347,6.973276662979569,3.773878696785256,9.252859947614821,5.913817913884528,8.327474674891478,4.514719203743603,5.726193957272749,15.12063098296918,11.598670593430906,3.2114968731481506,15.380817315123915,10.926175482842353,13.141173550526213,10.115422919070053,2.0503601356462577,3.4649476152602823,4.255641324738613,6.734870945249788,7.11212897487314,9.94389738703633,15.379639176473047,17.262686077280005,13.301423623273417,14.391578674213477,12.175483915656,8.283384686529972,13.404533321969144,10.378346758059822,3.1572281361275127,11.07379380128267,0.0,11.63612316042806,15.139765902731627,6.370208186373552
Marr|T cell,7.4352047134401635,9.43634833528714,10.25038727899051,13.517501998844528,7.2999482010438115,3.0985176580777423,7.6022592151556205,5.304485950795644,9.809517000325759,8.179924727358854,5.497285950645414,3.780694856210611,19.940769867639197,5.498941338301044,8.137631553711062,14.21435758949409,13.473769326160706,8.105399649367554,2.506248549471876,8.032066323554725,7.661822086927707,2.429275862837471,2.716410858891165,13.523657668115783,13.77394134485386,15.17324646168028,16.72390830782449,12.206691055258556,13.625542035952625,7.655803897855988,16.165084655383886,9.842687680294897,4.712859010667489,11.995887097490945,11.63612316042806,0.0,4.793523989936458,10.120067441936845
Marr|NK cell,6.1183014210258255,9.247065572723075,10.36700425776477,11.254924858823797,7.672422716635499,3.373067453200467,7.466961798169659,5.458193910967143,8.471253205779451,7.149974091375347,5.023974068355964,7.184601745393157,13.569228155521458,5.493074227288063,11.730057313031308,10.797849855500576,12.774420103160757,11.991635600582871,2.5317435364627703,10.177288428745577,7.001497919458879,3.80360540925135,2.1215240307101197,13.260409094571276,14.72400926191415,16.83215137075409,13.648517842572794,14.330671569447558,15.969995715095118,7.481061308450584,16.25240682490533,8.199424545493235,4.070809280475603,13.427654240291217,15.139765902731627,4.793523989936458,0.0,7.932758757826396
Marr|neutrophil,8.28162631511434,6.776016931316075,8.113262265419564,10.821858351083607,6.427420355561548,3.2268911802768976,7.12828800147952,4.982649937694856,7.661318657843027,6.243737797932484,5.557982015367732,8.292059117284685,10.752778129791613,5.319339651344771,6.600543800741183,9.460547264932021,8.575569916592372,7.183385926466087,1.9423792367845127,5.882534122616064,7.788335073929437,4.427397959245374,4.835554807281602,9.840542983622258,8.6796967454293,10.574623965865815,11.112437494191942,8.415295618784695,9.546846549871963,6.36126925075893,9.968277305730188,9.930951153626156,2.714739221073946,6.401367431482308,6.370208186373552,10.120067441936845,7.932758757826396,0.0
