,Live|NK cell,Live|hepatocyte,Live|Kupffer cell,Live|liver sinusoid EC,Live|B cell,Kidn|kidney collectin..,Kidn|kidney tubule cell,Kidn|endothelial cell,Kidn|fenestrated cell,Kidn|leukocyte,Kidn|fibroblast,Sple|T cell,Sple|B cell,Sple|myeloid cell,Lung|endothelial cell,Lung|stromal cell,Lung|type II pneumocyte,Lung|B cell,Lung|leukocyte,Lung|monocyte,Lung|dendritic cell,Lung|T cell,Lung|NK cell,Lung|macrophage,Hear|fibroblast,Hear|endothelial cell,Hear|smooth muscle cell,Hear|endocardial cell,Hear|leukocyte,Hear|cardiac muscle,Marr|B cell,Marr|Fraction A pre-p..,Marr|granulocyte,Marr|hematopoietic st..,Marr|monocyte,Marr|T cell,Marr|NK cell,Marr|neutrophil
Live|NK cell,0.0,0.3807175692121557,0.3443272523697347,0.3487563042936216,0.34155269886942785,0.5333650814835036,0.507074395304874,0.49779774170043734,0.5052591075969962,0.45160764231302075,0.44962851734848663,0.19092802999777794,0.4274217547846879,0.3921207783251906,0.47125229509274624,0.5112743080332662,0.5257025673422728,0.4366704993708246,0.4950122203885031,0.4398306768910734,0.4309715992193852,0.24776041585584507,0.23822570704534723,0.40359127531031536,0.5050460389007683,0.48521832055090997,0.49529607171012513,0.4668881314482991,0.39744021397781093,0.5281010848987882,0.3937118631689648,0.37330404785426724,0.49071340965378285,0.3550528653976933,0.4183629731222719,0.18733073925215338,0.14398441463384842,0.4822352445300943
Live|hepatocyte,0.3807175692121557,0.0,0.28053700387618036,0.3820198579129843,0.30957974205535865,0.5199640441511152,0.4289077569105496,0.5674519683097181,0.5768377153678004,0.5468843383518904,0.4207350790597909,0.5697693465468214,0.5542093415584893,0.5521129804833321,0.5473824248976821,0.50805142827179,0.5098849996726029,0.5581415760311744,0.5446908323104657,0.5215114061215542,0.5348762097878653,0.5707890639282706,0.5829646945037265,0.5329710268471941,0.5146064549283458,0.5509522764258665,0.5467277455499668,0.517757926963266,0.525147405669363,0.5467371423314709,0.5303410442622255,0.5540198268086822,0.5334066948510883,0.5129308162724283,0.529799193192547,0.5493857437328737,0.5262890245204579,0.5276473716263219
Live|Kupffer cell,0.3443272523697347,0.28053700387618036,0.0,0.3513228678347443,0.30667928877258366,0.5335685771461861,0.5099623932654953,0.5303342350810336,0.5357040239956189,0.27470137205465917,0.45606425665154926,0.5151418898613542,0.46783699178067206,0.2810373101485736,0.4848601684665904,0.4953740397770827,0.5101337342114447,0.46792550767856644,0.4335001181460516,0.29204928526600415,0.3227398714145584,0.48662962017394984,0.5054114683863236,0.3387346307499899,0.5015723195710392,0.5176530384548736,0.5216122695663179,0.49299854943178245,0.23042188802642863,0.5391183282257603,0.4484101572285613,0.43978440318230105,0.4248905739906611,0.45042494459889826,0.30819554762062107,0.4835622410762266,0.4689223487600631,0.46157217974510323
Live|liver sinusoid EC,0.3487563042936216,0.3820198579129843,0.3513228678347443,0.0,0.4055934233942377,0.5348471248777192,0.49053785570204556,0.31067940165219865,0.297712355055026,0.4660603236971075,0.4548152647724553,0.5159165300464179,0.4961151740435581,0.4738302823237476,0.2832873103340719,0.4648634389451785,0.512035121799636,0.5030979587390458,0.5451410476996106,0.4898222240000171,0.46723012034602646,0.45878137045045886,0.5306374029049158,0.4488133814613189,0.46527136956123527,0.2701979692586639,0.4369213466884807,0.31898065781975704,0.43774792649744315,0.4840733207397099,0.4671211234923867,0.5023756535115266,0.5459606216483,0.4328811053607136,0.49274803330036,0.4935918408544986,0.49058787093825873,0.5343777506522984
Live|B cell,0.34155269886942785,0.30957974205535865,0.30667928877258366,0.4055934233942377,0.0,0.513898229445586,0.4969271904422952,0.5266786446475914,0.5425720428769502,0.4186314214016801,0.42798270597853,0.4134973849597593,0.1678332703318417,0.3675403934004031,0.4905775430542245,0.5082011757075553,0.49894587262993056,0.1894319731238878,0.4996011488605232,0.4339173270654949,0.416611001189173,0.4174867200240916,0.4795625709342333,0.3725265848713216,0.5016287150329795,0.5147484035754737,0.48953804687878166,0.4883344540702743,0.4101442962324858,0.521957533810073,0.21067701931546842,0.38938285856920163,0.512302989688213,0.4264539989116071,0.41459846306377623,0.3784328313162436,0.4182626986806641,0.5042909497466853
Kidn|kidney collectin..,0.5333650814835036,0.5199640441511152,0.5335685771461861,0.5348471248777192,0.513898229445586,0.0,0.31007505109531985,0.5090194251934275,0.5312448355859505,0.5549061941108361,0.3757689421606123,0.5292447153638069,0.5298151593039107,0.5255131891041905,0.5382636604333992,0.5177851183034692,0.4758922234138124,0.5307183467935894,0.5731444791618667,0.5431538990977212,0.5293699195646756,0.5373878795033157,0.5591594984628125,0.5207094289080938,0.5080309152488514,0.5453142397846702,0.5304429753115092,0.5218443733022382,0.5449206690635093,0.47213597672943275,0.49956627053422553,0.4918625380926177,0.5826194105411595,0.5060250323980873,0.5568066628228958,0.5280293144309749,0.5385105012121252,0.5643212570002436
Kidn|kidney tubule cell,0.507074395304874,0.4289077569105496,0.5099623932654953,0.49053785570204556,0.4969271904422952,0.31007505109531985,0.0,0.4993120818529481,0.5144996873586107,0.5325546757718115,0.12267732564777911,0.5127773546790299,0.5105052273619092,0.5338082737014087,0.49785371739004414,0.46255731076019446,0.4614296303764921,0.5121181221852282,0.5735194366232388,0.528597389261596,0.5133115264989612,0.524279685444162,0.54565356721564,0.5017392672621722,0.4689495509842706,0.4991228340210381,0.5013874264104947,0.4937482987520756,0.5201412133840428,0.4767713652518619,0.479982775210722,0.4918470338014511,0.5768224229843768,0.4538707665433228,0.537507423656516,0.5022543796315071,0.518821181724964,0.559203531620657
Kidn|endothelial cell,0.49779774170043734,0.5674519683097181,0.5303342350810336,0.31067940165219865,0.5266786446475914,0.5090194251934275,0.4993120818529481,0.0,0.11623938044111615,0.4989882014009174,0.4643397899035371,0.5060493691349095,0.5071349079416629,0.509199228792871,0.2391166249533343,0.42754024406957863,0.4948030544772047,0.5170532251419255,0.5405406763815659,0.5118866596515723,0.4728968130624657,0.44925559359120426,0.5279774516891513,0.4845795154021004,0.4358453449855296,0.18595892554976243,0.4211225836011243,0.3032158282968366,0.4875587962063379,0.479775416089259,0.4815470022031799,0.5026903906743064,0.5635080699431769,0.4494102822347814,0.5151316764158571,0.5044267877919242,0.5217363398995692,0.5565136771632404
Kidn|fenestrated cell,0.5052591075969962,0.5768377153678004,0.5357040239956189,0.297712355055026,0.5425720428769502,0.5312448355859505,0.5144996873586107,0.11623938044111615,0.0,0.5185345980553986,0.49257416448093905,0.5226267547571807,0.518239395269931,0.5187897996885591,0.2585024708134227,0.46630986321605905,0.5133358884742929,0.5355663834858294,0.5678300791359301,0.5276848931446467,0.49006452037970155,0.46327670676668115,0.5449000933729253,0.4991661825203891,0.4761451320591659,0.1742906305483157,0.44918512026418034,0.30456811004395223,0.5033091840586438,0.495834104816193,0.4971249167265281,0.5135957436720472,0.5808025166646422,0.46514475834140273,0.5227695099615635,0.516895304933114,0.5349024136225102,0.5703414212082408
Kidn|leukocyte,0.45160764231302075,0.5468843383518904,0.27470137205465917,0.4660603236971075,0.4186314214016801,0.5549061941108361,0.5325546757718115,0.4989882014009174,0.5185345980553986,0.0,0.4748823995827419,0.48573937229747577,0.41165526057339996,0.23675242901332275,0.4819715210846315,0.5123996356714622,0.5044594364854841,0.41918956238564226,0.34397793420101386,0.20926086196098487,0.23014731085519957,0.45678693592400527,0.48141159504954945,0.2153744161013837,0.49989826239337987,0.5136785748497481,0.5171067803377172,0.5018479524330641,0.11287728828521329,0.5483922421913895,0.4012655135200598,0.40212354093942904,0.3850437503245485,0.40047221506722536,0.2636133583786291,0.44106986518378394,0.45997515690426527,0.4431470557657662
Kidn|fibroblast,0.44962851734848663,0.4207350790597909,0.45606425665154926,0.4548152647724553,0.42798270597853,0.3757689421606123,0.12267732564777911,0.4643397899035371,0.49257416448093905,0.4748823995827419,0.0,0.44661107662340516,0.44798137817388095,0.47086415221876393,0.4490505841294814,0.3984021844157045,0.4575399268708874,0.45090768813894233,0.5151709916668441,0.4776545040366262,0.45420378823652263,0.44634280286430444,0.48524602274594153,0.44568440818110633,0.4058863755594263,0.4590536749283144,0.4530235850630168,0.44154984354325827,0.46552227838595933,0.4520423138965131,0.4147601428579655,0.4346209479615556,0.5298687170365887,0.4298506603225116,0.4863228824037207,0.4472658673911333,0.46595498370717203,0.518094577444581
Sple|T cell,0.19092802999777794,0.5697693465468214,0.5151418898613542,0.5159165300464179,0.4134973849597593,0.5292447153638069,0.5127773546790299,0.5060493691349095,0.5226267547571807,0.48573937229747577,0.44661107662340516,0.0,0.345283284062259,0.3985617567792118,0.4965586601738491,0.5198968004204403,0.5383868157907508,0.3534158068079053,0.4931416588597135,0.450618614044732,0.40376929028758785,0.14146099008942595,0.19511358174730936,0.4103542561801297,0.5136210140383238,0.4935178267290379,0.4961772877261402,0.4978901961766372,0.4365484959197986,0.5282352771655451,0.3198437740123,0.3011197371443074,0.4973156396007327,0.3747599018358023,0.42553033289760034,0.08633199050198988,0.10559258636773039,0.48309456582139854
Sple|B cell,0.4274217547846879,0.5542093415584893,0.46783699178067206,0.4961151740435581,0.1678332703318417,0.5298151593039107,0.5105052273619092,0.5071349079416629,0.518239395269931,0.41165526057339996,0.44798137817388095,0.345283284062259,0.0,0.3300927772911748,0.4767937667352443,0.5263424648185394,0.4973782209357323,0.07346218943847069,0.4973605027217823,0.4290536756401403,0.37241701940746186,0.36949222536083337,0.4390910400514455,0.3395094400740377,0.508730286285257,0.488827970368523,0.49429867947829753,0.5002249190779863,0.40232403034912967,0.5150849914722588,0.1013181808091996,0.3216842585727042,0.5053111738140125,0.39221660930159513,0.39192385115245043,0.31233628270280844,0.3983138002483074,0.4844100771142279
Sple|myeloid cell,0.3921207783251906,0.5521129804833321,0.2810373101485736,0.4738302823237476,0.3675403934004031,0.5255131891041905,0.5338082737014087,0.509199228792871,0.5187897996885591,0.23675242901332275,0.47086415221876393,0.3985617567792118,0.3300927772911748,0.0,0.4845136381221064,0.5151080070331955,0.49954520025742327,0.3369349370261203,0.38555982296700325,0.21511173756629548,0.1866273515568672,0.3831129855057329,0.416790770572828,0.20378931336472447,0.5063784523243895,0.5029675372871965,0.519393790118629,0.49934063257245387,0.22483984296011567,0.5299844574980389,0.3270002641135126,0.303822016279431,0.3751113902409914,0.3940475001990269,0.20749550856299165,0.3563297505802037,0.39026341373575973,0.40275232547352335
Lung|endothelial cell,0.47125229509274624,0.5473824248976821,0.4848601684665904,0.2832873103340719,0.4905775430542245,0.5382636604333992,0.49785371739004414,0.2391166249533343,0.2585024708134227,0.4819715210846315,0.4490505841294814,0.4965586601738491,0.4767937667352443,0.4845136381221064,0.0,0.3884122519542992,0.47133386485225104,0.47594129387148193,0.5446900752962742,0.4907833612850857,0.435687499775311,0.36880641738263265,0.4836094630240453,0.45079324467059756,0.4117611769610633,0.19366973229228707,0.40953842363989723,0.2466849712970799,0.44079713717006497,0.4514129597106099,0.4510431156344856,0.47430129500915263,0.5603619542275555,0.4287697293735555,0.4970409625593319,0.4933195432017728,0.5027500150485189,0.5493625977960994
Lung|stromal cell,0.5112743080332662,0.50805142827179,0.4953740397770827,0.4648634389451785,0.5082011757075553,0.5177851183034692,0.46255731076019446,0.42754024406957863,0.46630986321605905,0.5123996356714622,0.3984021844157045,0.5198968004204403,0.5263424648185394,0.5151080070331955,0.3884122519542992,0.0,0.46249076697579566,0.5316202828236034,0.5335838158865078,0.48691211754412345,0.4739272700757026,0.5059273208712713,0.5329698299718535,0.48408537481185,0.09530218973696139,0.399355938753823,0.2869302581029315,0.3485697165909737,0.471476478709975,0.4284579695744045,0.49770882150952456,0.5109330374289458,0.5471751418894972,0.4654410512388951,0.5065570974502871,0.5183861561716099,0.528179476485163,0.540360821744208
Lung|type II pneumocyte,0.5257025673422728,0.5098849996726029,0.5101337342114447,0.512035121799636,0.49894587262993056,0.4758922234138124,0.4614296303764921,0.4948030544772047,0.5133358884742929,0.5044594364854841,0.4575399268708874,0.5383868157907508,0.4973782209357323,0.49954520025742327,0.47133386485225104,0.46249076697579566,0.0,0.49318348368335363,0.5268856141902218,0.4725511977139042,0.47954849575196723,0.5225544217084894,0.5618071230611955,0.4471581630991098,0.4731055790195155,0.48221902703206726,0.4948491696086777,0.4806574428228358,0.47927163007309415,0.4833865642725459,0.4734195564864139,0.4984174994691863,0.520595841394479,0.469400419972633,0.48597678035373887,0.5122998954531555,0.5211300995300339,0.5005949188284041
Lung|B cell,0.4366704993708246,0.5581415760311744,0.46792550767856644,0.5030979587390458,0.1894319731238878,0.5307183467935894,0.5121181221852282,0.5170532251419255,0.5355663834858294,0.41918956238564226,0.45090768813894233,0.3534158068079053,0.07346218943847069,0.3369349370261203,0.47594129387148193,0.5316202828236034,0.49318348368335363,0.0,0.5022681508980107,0.41825884289058135,0.37983816156103206,0.36009665937042906,0.4436556057272421,0.3412916273087223,0.5175572147934401,0.5027613088575834,0.5017529498816544,0.5094725570045534,0.4051182412908257,0.5261579154318552,0.10812858776116235,0.3304212794610565,0.5119915173160685,0.4013910681647289,0.39354579286575975,0.32736517553723177,0.40440669650839967,0.48556656326832914
Lung|leukocyte,0.4950122203885031,0.5446908323104657,0.4335001181460516,0.5451410476996106,0.4996011488605232,0.5731444791618667,0.5735194366232388,0.5405406763815659,0.5678300791359301,0.34397793420101386,0.5151709916668441,0.4931416588597135,0.4973605027217823,0.38555982296700325,0.5446900752962742,0.5335838158865078,0.5268856141902218,0.5022681508980107,0.0,0.30598389940026866,0.2820953300403462,0.498406809770369,0.4903664098588851,0.39346229737152755,0.5321639037824504,0.546039658660804,0.5531935511050494,0.5378074941297792,0.34050739429767746,0.5702192301141774,0.46692634427987334,0.48902104232195187,0.14275538847394037,0.45421926244670474,0.35778105915074876,0.4505089350122049,0.4596827162477236,0.2906456594426532
Lung|monocyte,0.4398306768910734,0.5215114061215542,0.29204928526600415,0.4898222240000171,0.4339173270654949,0.5431538990977212,0.528597389261596,0.5118866596515723,0.5276848931446467,0.20926086196098487,0.4776545040366262,0.450618614044732,0.4290536756401403,0.21511173756629548,0.4907833612850857,0.48691211754412345,0.4725511977139042,0.41825884289058135,0.30598389940026866,0.0,0.15654811638216487,0.4349920886780575,0.4472800482952155,0.20808985568287572,0.48467709375566337,0.5139731553990154,0.5165901926971539,0.48777473253899684,0.1738102532424768,0.542946782841855,0.4020263727761003,0.3807627970106944,0.3084699828387598,0.3833487275354588,0.10318407730692081,0.4120611370951544,0.4219982951964769,0.34943937954659837
Lung|dendritic cell,0.4309715992193852,0.5348762097878653,0.3227398714145584,0.46723012034602646,0.416611001189173,0.5293699195646756,0.5133115264989612,0.4728968130624657,0.49006452037970155,0.23014731085519957,0.45420378823652263,0.40376929028758785,0.37241701940746186,0.1866273515568672,0.435687499775311,0.4739272700757026,0.47954849575196723,0.37983816156103206,0.2820953300403462,0.15654811638216487,0.0,0.38517831552504356,0.407960956984908,0.2333210287487919,0.47701399811802714,0.45420543693403925,0.4869152914544365,0.45734547148851873,0.2294818651643315,0.5019337275279191,0.34157978883755946,0.35237039926781816,0.3169015084420457,0.356068430464413,0.1957918380429351,0.350746209948919,0.39836261838719933,0.36363735855749946
Lung|T cell,0.24776041585584507,0.5707890639282706,0.48662962017394984,0.45878137045045886,0.4174867200240916,0.5373878795033157,0.524279685444162,0.44925559359120426,0.46327670676668115,0.45678693592400527,0.44634280286430444,0.14146099008942595,0.36949222536083337,0.3831129855057329,0.36880641738263265,0.5059273208712713,0.5225544217084894,0.36009665937042906,0.498406809770369,0.4349920886780575,0.38517831552504356,0.0,0.2603331046376125,0.3773834240777971,0.5015441820211032,0.4279433092010012,0.506146016903625,0.45446332927340083,0.40589828416121027,0.5213050264963103,0.3459725234217138,0.33021390754670477,0.5054390815830225,0.4129298231147243,0.42647471502573353,0.19407583540819617,0.22237950761767913,0.4991874817629376
Lung|NK cell,0.23822570704534723,0.5829646945037265,0.5054114683863236,0.5306374029049158,0.4795625709342333,0.5591594984628125,0.54565356721564,0.5279774516891513,0.5449000933729253,0.48141159504954945,0.48524602274594153,0.19511358174730936,0.4390910400514455,0.416790770572828,0.4836094630240453,0.5329698299718535,0.5618071230611955,0.4436556057272421,0.4903664098588851,0.4472800482952155,0.407960956984908,0.2603331046376125,0.0,0.4277407607831562,0.5341753360679722,0.5170912727209553,0.5326746722370475,0.5147462446584345,0.440266121255724,0.5545404960904614,0.4260005621071938,0.384559764638429,0.4998832165438989,0.42796463504677185,0.43951332059659076,0.21363735145490406,0.12143803778197902,0.4985507212341459
Lung|macrophage,0.40359127531031536,0.5329710268471941,0.3387346307499899,0.4488133814613189,0.3725265848713216,0.5207094289080938,0.5017392672621722,0.4845795154021004,0.4991661825203891,0.2153744161013837,0.44568440818110633,0.4103542561801297,0.3395094400740377,0.20378931336472447,0.45079324467059756,0.48408537481185,0.4471581630991098,0.3412916273087223,0.39346229737152755,0.20808985568287572,0.2333210287487919,0.3773834240777971,0.4277407607831562,0.0,0.4751462234398946,0.47559927591217754,0.4833545518329678,0.48145713048931493,0.2031738126139906,0.5145131945250025,0.33140307207390135,0.32530463182676655,0.41052513869631013,0.3526748581304902,0.1992611601252428,0.3620396647244347,0.394281892879373,0.4234529248922334
Hear|fibroblast,0.5050460389007683,0.5146064549283458,0.5015723195710392,0.46527136956123527,0.5016287150329795,0.5080309152488514,0.4689495509842706,0.4358453449855296,0.4761451320591659,0.49989826239337987,0.4058863755594263,0.5136210140383238,0.508730286285257,0.5063784523243895,0.4117611769610633,0.09530218973696139,0.4731055790195155,0.5175572147934401,0.5321639037824504,0.48467709375566337,0.47701399811802714,0.5015441820211032,0.5341753360679722,0.4751462234398946,0.0,0.39005524623288457,0.29004241886848703,0.3229250599227873,0.45736227943610697,0.39917422867443486,0.4806734900158957,0.5014697283489985,0.5477716230721531,0.45363709824859916,0.5004086573841786,0.5108832246624069,0.5210002163575483,0.5367101704357513
Hear|endothelial cell,0.48521832055090997,0.5509522764258665,0.5176530384548736,0.2701979692586639,0.5147484035754737,0.5453142397846702,0.4991228340210381,0.18595892554976243,0.1742906305483157,0.5136785748497481,0.4590536749283144,0.4935178267290379,0.488827970368523,0.5029675372871965,0.19366973229228707,0.399355938753823,0.48221902703206726,0.5027613088575834,0.546039658660804,0.5139731553990154,0.45420543693403925,0.4279433092010012,0.5170912727209553,0.47559927591217754,0.39005524623288457,0.0,0.37124269390236597,0.2537271861573802,0.4629636225144741,0.3713525531654562,0.4671335652151951,0.4952363930353204,0.5616004076252317,0.4388007222436374,0.5102725752329109,0.49772954491727905,0.5100729354079331,0.5492703289685628
Hear|smooth muscle cell,0.49529607171012513,0.5467277455499668,0.5216122695663179,0.4369213466884807,0.48953804687878166,0.5304429753115092,0.5013874264104947,0.4211225836011243,0.44918512026418034,0.5171067803377172,0.4530235850630168,0.4961772877261402,0.49429867947829753,0.519393790118629,0.40953842363989723,0.2869302581029315,0.4948491696086777,0.5017529498816544,0.5531935511050494,0.5165901926971539,0.4869152914544365,0.506146016903625,0.5326746722370475,0.4833545518329678,0.29004241886848703,0.37124269390236597,0.0,0.3371882825158145,0.48891802078503166,0.3970350472608306,0.46680212077099426,0.49427522734858526,0.5578674690438783,0.4382340351232471,0.510094420451196,0.4957347744340336,0.5122842141582219,0.5469528115808614
Hear|endocardial cell,0.4668881314482991,0.517757926963266,0.49299854943178245,0.31898065781975704,0.4883344540702743,0.5218443733022382,0.4937482987520756,0.3032158282968366,0.30456811004395223,0.5018479524330641,0.44154984354325827,0.4978901961766372,0.5002249190779863,0.49934063257245387,0.2466849712970799,0.3485697165909737,0.4806574428228358,0.5094725570045534,0.5378074941297792,0.48777473253899684,0.45734547148851873,0.45446332927340083,0.5147462446584345,0.48145713048931493,0.3229250599227873,0.2537271861573802,0.3371882825158145,0.0,0.45215862803888396,0.3964702545807462,0.4668501642924991,0.4984635124083399,0.5469079150726279,0.40462831831276913,0.4971841324067022,0.4919700697110627,0.5006313714531205,0.5394095135965667
Hear|leukocyte,0.39744021397781093,0.525147405669363,0.23042188802642863,0.43774792649744315,0.4101442962324858,0.5449206690635093,0.5201412133840428,0.4875587962063379,0.5033091840586438,0.11287728828521329,0.46552227838595933,0.4365484959197986,0.40232403034912967,0.22483984296011567,0.44079713717006497,0.471476478709975,0.47927163007309415,0.4051182412908257,0.34050739429767746,0.1738102532424768,0.2294818651643315,0.40589828416121027,0.440266121255724,0.2031738126139906,0.45736227943610697,0.4629636225144741,0.48891802078503166,0.45215862803888396,0.0,0.49183782663690284,0.3856470310163399,0.38586112393701844,0.3722047446554142,0.36999356312553244,0.23470976535990648,0.3905644646135178,0.40890368933544097,0.43210689435821603
Hear|cardiac muscle,0.5281010848987882,0.5467371423314709,0.5391183282257603,0.4840733207397099,0.521957533810073,0.47213597672943275,0.4767713652518619,0.479775416089259,0.495834104816193,0.5483922421913895,0.4520423138965131,0.5282352771655451,0.5150849914722588,0.5299844574980389,0.4514129597106099,0.4284579695744045,0.4833865642725459,0.5261579154318552,0.5702192301141774,0.542946782841855,0.5019337275279191,0.5213050264963103,0.5545404960904614,0.5145131945250025,0.39917422867443486,0.3713525531654562,0.3970350472608306,0.3964702545807462,0.49183782663690284,0.0,0.488275716609574,0.49454825421524407,0.5809692454919697,0.4880070883317369,0.5466345980772594,0.5209704483946808,0.5368053952419938,0.5657764786312396
Marr|B cell,0.3937118631689648,0.5303410442622255,0.4484101572285613,0.4671211234923867,0.21067701931546842,0.49956627053422553,0.479982775210722,0.4815470022031799,0.4971249167265281,0.4012655135200598,0.4147601428579655,0.3198437740123,0.1013181808091996,0.3270002641135126,0.4510431156344856,0.49770882150952456,0.4734195564864139,0.10812858776116235,0.46692634427987334,0.4020263727761003,0.34157978883755946,0.3459725234217138,0.4260005621071938,0.33140307207390135,0.4806734900158957,0.4671335652151951,0.46680212077099426,0.4668501642924991,0.3856470310163399,0.488275716609574,0.0,0.2640313758610862,0.4763590607457888,0.3221488446965415,0.348407669849941,0.27582522525068404,0.3691408576727386,0.4331307794058337
Marr|Fraction A pre-p..,0.37330404785426724,0.5540198268086822,0.43978440318230105,0.5023756535115266,0.38938285856920163,0.4918625380926177,0.4918470338014511,0.5026903906743064,0.5135957436720472,0.40212354093942904,0.4346209479615556,0.3011197371443074,0.3216842585727042,0.303822016279431,0.47430129500915263,0.5109330374289458,0.4984174994691863,0.3304212794610565,0.48902104232195187,0.3807627970106944,0.35237039926781816,0.33021390754670477,0.384559764638429,0.32530463182676655,0.5014697283489985,0.4952363930353204,0.49427522734858526,0.4984635124083399,0.38586112393701844,0.49454825421524407,0.2640313758610862,0.0,0.4831920994820197,0.3555821572139558,0.3207516732890424,0.28655961906546645,0.3425018247436797,0.454201171517852
Marr|granulocyte,0.49071340965378285,0.5334066948510883,0.4248905739906611,0.5459606216483,0.512302989688213,0.5826194105411595,0.5768224229843768,0.5635080699431769,0.5808025166646422,0.3850437503245485,0.5298687170365887,0.4973156396007327,0.5053111738140125,0.3751113902409914,0.5603619542275555,0.5471751418894972,0.520595841394479,0.5119915173160685,0.14275538847394037,0.3084699828387598,0.3169015084420457,0.5054390815830225,0.4998832165438989,0.41052513869631013,0.5477716230721531,0.5616004076252317,0.5578674690438783,0.5469079150726279,0.3722047446554142,0.5809692454919697,0.4763590607457888,0.4831920994820197,0.0,0.46531490313385915,0.31277258320455475,0.4504537848583266,0.44094394532435344,0.11220798430736434
Marr|hematopoietic st..,0.3550528653976933,0.5129308162724283,0.45042494459889826,0.4328811053607136,0.4264539989116071,0.5060250323980873,0.4538707665433228,0.4494102822347814,0.46514475834140273,0.40047221506722536,0.4298506603225116,0.3747599018358023,0.39221660930159513,0.3940475001990269,0.4287697293735555,0.4654410512388951,0.469400419972633,0.4013910681647289,0.45421926244670474,0.3833487275354588,0.356068430464413,0.4129298231147243,0.42796463504677185,0.3526748581304902,0.45363709824859916,0.4388007222436374,0.4382340351232471,0.40462831831276913,0.36999356312553244,0.4880070883317369,0.3221488446965415,0.3555821572139558,0.46531490313385915,0.0,0.32345690250983883,0.29895015620149,0.3504306739899637,0.4148937853599749
Marr|monocyte,0.4183629731222719,0.529799193192547,0.30819554762062107,0.49274803330036,0.41459846306377623,0.5568066628228958,0.537507423656516,0.5151316764158571,0.5227695099615635,0.2636133583786291,0.4863228824037207,0.42553033289760034,0.39192385115245043,0.20749550856299165,0.4970409625593319,0.5065570974502871,0.48597678035373887,0.39354579286575975,0.35778105915074876,0.10318407730692081,0.1957918380429351,0.42647471502573353,0.43951332059659076,0.1992611601252428,0.5004086573841786,0.5102725752329109,0.510094420451196,0.4971841324067022,0.23470976535990648,0.5466345980772594,0.348407669849941,0.3207516732890424,0.31277258320455475,0.32345690250983883,0.0,0.36143436158766695,0.3987329118071301,0.2978812421103869
Marr|T cell,0.18733073925215338,0.5493857437328737,0.4835622410762266,0.4935918408544986,0.3784328313162436,0.5280293144309749,0.5022543796315071,0.5044267877919242,0.516895304933114,0.44106986518378394,0.4472658673911333,0.08633199050198988,0.31233628270280844,0.3563297505802037,0.4933195432017728,0.5183861561716099,0.5122998954531555,0.32736517553723177,0.4505089350122049,0.4120611370951544,0.350746209948919,0.19407583540819617,0.21363735145490406,0.3620396647244347,0.5108832246624069,0.49772954491727905,0.4957347744340336,0.4919700697110627,0.3905644646135178,0.5209704483946808,0.27582522525068404,0.28655961906546645,0.4504537848583266,0.29895015620149,0.36143436158766695,0.0,0.10296104759012963,0.42539267685325416
Marr|NK cell,0.14398441463384842,0.5262890245204579,0.4689223487600631,0.49058787093825873,0.4182626986806641,0.5385105012121252,0.518821181724964,0.5217363398995692,0.5349024136225102,0.45997515690426527,0.46595498370717203,0.10559258636773039,0.3983138002483074,0.39026341373575973,0.5027500150485189,0.528179476485163,0.5211300995300339,0.40440669650839967,0.4596827162477236,0.4219982951964769,0.39836261838719933,0.22237950761767913,0.12143803778197902,0.394281892879373,0.5210002163575483,0.5100729354079331,0.5122842141582219,0.5006313714531205,0.40890368933544097,0.5368053952419938,0.3691408576727386,0.3425018247436797,0.44094394532435344,0.3504306739899637,0.3987329118071301,0.10296104759012963,0.0,0.43267277942841065
Marr|neutrophil,0.4822352445300943,0.5276473716263219,0.46157217974510323,0.5343777506522984,0.5042909497466853,0.5643212570002436,0.559203531620657,0.5565136771632404,0.5703414212082408,0.4431470557657662,0.518094577444581,0.48309456582139854,0.4844100771142279,0.40275232547352335,0.5493625977960994,0.540360821744208,0.5005949188284041,0.48556656326832914,0.2906456594426532,0.34943937954659837,0.36363735855749946,0.4991874817629376,0.4985507212341459,0.4234529248922334,0.5367101704357513,0.5492703289685628,0.5469528115808614,0.5394095135965667,0.43210689435821603,0.5657764786312396,0.4331307794058337,0.454201171517852,0.11220798430736434,0.4148937853599749,0.2978812421103869,0.42539267685325416,0.43267277942841065,0.0
