,Live|hepatocyte,Live|macrophage,Live|monocyte,Live|livEC,Live|EC,Live|nk cell,Live|t cell,Live|erythrocyte,Live|fibroblast,Live|neutrophil,Live|intrahepatic c..,Live|liver dendriti..,Live|plasma cell,Kidn|kidney epi,Kidn|b cell,Kidn|macrophage,"Kidn|cd8-positive, ..",Kidn|cd4-positive h..,Kidn|nk cell,Kidn|EC,Hear|cardio,Hear|cardiac EC,Hear|hepatocyte,Hear|fibroblast of ..,Hear|smooth muscle ..,Hear|macrophage,Bone|cd24 neutrophil,"Bone|cd4-positive, ..",Bone|monocyte,"Bone|cd8-positive, ..",Bone|granulocyte,Bone|plasma cell,Bone|erythroid prog..,Bone|nk cell,Bone|hematopoietic ..,Bone|nampt neutrophil,Bone|memory b cell,Bone|myeloid progen..,Bone|macrophage,Bone|naive b cell,Bone|neutrophil,Bone|erythrocyte,Sple|memory b cell,Sple|neutrophil,Sple|classical mono..,"Sple|cd8-positive, ..",Sple|plasma cell,Sple|nk cell,"Sple|cd4-positive, ..",Sple|macrophage,Sple|naive thymus-d..,Sple|naive b cell,Sple|type i nk t cell,Sple|naive thymus-d..,Sple|EC,Sple|mature nk t cell,Sple|regulatory t c..,Sple|intermediate m..,Sple|innate lymphoi..,Sple|erythrocyte,Sple|hematopoietic ..,Sple|cd1c-positive ..,Sple|cd141-positive..,"Sple|cd8-positive, ..",Sple|plasmacytoid d..,Sple|platelet,Lung|macrophage,Lung|type ii pneumo..,Lung|basal cell,Lung|classical mono..,Lung|club cell,Lung|non-classical ..,Lung|capillary EC,Lung|respiratory go..,Lung|basophil,Lung|lung ciliated ..,Lung|capillary aero..,"Lung|cd8-positive, ..","Lung|cd4-positive, ..",Lung|vein EC,Lung|lung microvasc..,Lung|adventitial cell,Lung|alveolar fibro..,Lung|dendritic cell,Lung|intermediate m..,Lung|pericyte cell,Lung|type i pneumoc..,Lung|EC of artery,Lung|neutrophil,Lung|cd4-positive a..,Lung|nk cell,Lung|plasma cell,Lung|b cell,Lung|vascular assoc..,Lung|cd8-positive a..,Lung|bronchial smoo..,Lung|bronchial vess..,Lung|EC of lymphati..,Lung|smooth muscle ..,Lung|pulmonary iono..,Lung|plasmacytoid d..,Lung|mesothelial cell
Live|hepatocyte,0.0,15.056797301696763,13.1765219191338,17.00435796933486,14.560637964760573,10.22352778560713,7.71254253870512,5.44208213482272,13.258592888638436,2.623414688080818,16.730864314712402,10.383763334574047,6.2292355318760055,12.400728412740241,14.242480363173101,17.943034178407846,14.66311326388337,14.200038492200669,15.420599986798,9.304590338966701,16.375591279850624,20.73176167786019,8.774556822486598,20.409733249289246,16.961139942476738,9.396892927475568,6.402200477435342,14.877734383101393,15.417887748921698,12.306655945561223,21.195596044014998,11.399175292531561,17.630300912630975,11.614195916551886,12.446723084034627,4.5071675093271635,16.157772001934603,20.056361723755114,10.399170548814885,10.406011882615985,4.576081877844285,3.538781353449644,16.327909338842495,4.392924024991586,19.174880163527188,15.264650501031944,17.940050016325642,16.21774385898122,14.260263860671515,21.051325118623605,14.762969293749158,12.398903189034879,16.36393603220514,13.13595114017494,22.585438006602665,14.840218121780097,15.136321764900744,8.738576986719131,14.621368698493875,6.80062804897434,17.141278080251272,14.97988730764309,13.811767589229547,14.732989021873342,9.471337268245158,8.693379977438973,16.894617061118108,22.876433503707013,17.036991114759854,15.807319483214515,21.797578700911437,18.430492728562324,17.85956957441793,22.321542980308713,12.690786468781571,19.125169555660012,15.416967574669156,14.316584820515516,13.28024402352523,19.922938673031293,17.432516163175336,10.948123136565906,14.317602649930027,13.957566637913315,15.725401276870192,17.03334075315361,18.63548806050882,17.659330261845806,4.604749436593763,13.247934386870375,14.319602719082985,9.702301754523909,8.068647095907618,11.311553499306237,12.989736719436486,13.48341002833309,20.5193534369482,9.892476261710188,12.346290133292987,16.437220288853506,9.008151026492497,14.003398394071528
Live|macrophage,15.056797301696763,0.0,21.521281641713255,36.51550583881634,19.523974345834038,26.029675731660454,17.13942535659651,7.477335534951094,30.90592110592321,2.8042836469469803,16.069914698411075,16.515082871203788,8.115165645555988,14.25038459701273,13.771218366865254,12.30704820941653,14.239492434704543,14.471182642655153,15.976892487567895,7.367888651595659,15.142869105120509,27.587724772245302,12.733163674234005,24.59628323767012,19.396121621437572,3.5326678080826794,6.60369551835995,13.986867320348283,13.840962340378805,13.748294464007012,15.182589732926187,8.80062327589423,12.364880670357957,12.965724160967918,9.56141549865592,4.110792726283524,15.138787813559938,13.4931320491417,7.820088955701309,11.391824276796907,4.221268519802267,2.917247070977417,13.280406738118828,3.736968507355727,11.972295271619553,14.62017206284936,11.014273578631553,18.060829309671306,13.085089007219025,10.058667615386328,13.950591470312066,15.013285312939963,17.424437010474172,14.973760836073948,17.858749098375416,16.70471353865201,14.88275682385362,10.841182344218003,13.161148407127715,5.849413338949836,11.057012281495611,14.762881150318632,11.441434325525545,15.653161039793021,7.102374473631998,7.195607439110156,12.620462602587503,22.43950371513442,18.73246095937091,18.23906311381951,24.350581413977658,13.964037970215216,23.990008059118303,22.07334424073199,12.7406656145821,18.150724543424666,20.17455630872361,14.18644060222943,12.34578843816606,26.00081948774833,22.51168830500153,11.333962731390573,14.7698156068867,11.073089740289971,14.309921843491091,20.66880274541493,17.697278928184097,22.71227710461172,3.8531325228769395,12.97450008769969,14.29919893115935,8.095372716535001,7.504707977422358,12.574555641807164,11.77755303128466,15.766828893597248,19.208421514681078,10.801982624143085,12.170928030035148,14.24444042891711,9.485616986707779,11.617881790178933
Live|monocyte,13.1765219191338,21.521281641713255,0.0,29.027884459045595,15.726897161682714,23.793646296373293,15.336531671287476,7.4841530874454945,25.408918846331392,2.5240666409504557,14.263473940051323,15.33415383912245,7.200895127795676,13.563240428036353,12.623472366202968,10.138037754759798,13.384279674224612,13.290790624926547,15.050438253220024,5.900823324202194,14.016889148643552,23.3468371959965,11.800234191778355,21.308955238791622,17.780253423655914,3.5150826800050377,6.447261128916579,12.458289437242383,11.804116346944868,13.218261622055914,11.41688095161011,7.6331337693958945,10.776340010581192,12.518694422142172,8.831243934169597,3.831657912942023,13.285777430683751,11.64858976791401,6.903207698671692,10.870643537093247,3.9750661374015963,3.0268455715678346,11.778205682642104,3.6708204498887618,8.29369665570818,12.997729990556133,9.437199021842895,16.199650962522618,11.825252975177388,11.592932142040917,13.002255831962467,14.423470274620744,15.507621275543187,15.297761745668888,15.438264924128926,15.234331812319011,13.81068769031059,10.880870642124131,12.147386821059516,5.879064324663375,9.535907784124305,13.134283489316665,9.965400376814333,15.387827834474292,6.397114410632155,6.851963090025493,12.984897983435884,19.687496474356976,16.533536720456237,16.96955695545367,21.075206300653715,15.470541126431048,22.23054365314838,18.88196858003345,13.08528086168184,16.947102115832113,19.425911786498023,14.732875613156686,12.497652417271839,22.96068069616666,20.607688660388042,10.630995959968317,13.627694089596522,11.84270897838001,13.336401408102978,19.004451554749124,15.857824575674872,20.78934583445161,3.718454390857422,12.942881040821113,13.576592966760458,7.538419818771507,7.225022636683933,11.88461097414862,11.178554911983028,14.99509945795843,17.16239345034957,10.4972195523062,11.380260757819089,12.772262923108451,9.152748953894545,10.47286395318413
Live|livEC,17.00435796933486,36.51550583881634,29.027884459045595,0.0,25.943573295252143,26.622203600989575,16.561624093482035,6.013764648668829,28.460193791016128,4.10381122888888,18.65405592043041,18.91788675979443,10.64207102245443,13.814987376038873,20.866997089416984,34.37940503439541,22.691290415436725,20.192289117159692,20.863017716508498,6.590974449324306,16.997630041116455,21.763689407522758,14.0947332232656,27.154412853777597,19.98172173502827,9.41254994663253,6.8187663529453895,21.284589660415676,22.28548914001177,18.16226290825527,23.641068870748946,9.991129488532804,16.392332896041335,15.29365862691154,14.114576185737876,4.374087342592844,22.57009937892566,20.03699161665714,11.346795694372126,14.284762195977358,4.4507920443805435,2.477082667571217,21.42388370956018,4.421629801020229,26.50447770564485,21.146072010291945,16.276205404435604,23.072440196922734,19.1575502115452,26.34654886583967,18.971741608678645,17.426397640275333,23.196553804619725,19.53624139387737,24.630263581447185,22.186898653804175,20.600503444068238,10.808396706368551,18.31983220817623,5.637775207262224,15.572694193246397,18.61442788256422,19.00396521927249,17.82231189497667,10.203099071401029,8.717224647097222,19.913805000637716,26.29997179591902,22.081621426354886,24.36226573998076,27.931935310116693,30.98893476416096,21.08003457865872,27.952184294056405,15.828340358266374,20.98286986548696,14.915163257438769,21.268140495170528,18.668816986888565,21.501114293876373,15.35993228978906,11.734018133953994,17.182283968532886,20.593959277775163,23.779305310634697,21.120122557158876,21.36729547201255,16.83832983090061,4.581114051237392,16.84767504371607,19.95731421329247,8.727597573748456,9.135455555072143,11.831778432981778,16.359206657574806,14.048958420739384,11.878741560733474,6.88633876622801,10.715877794100376,16.540190888351823,10.657234624203191,14.990428239165936
Live|EC,14.560637964760573,19.523974345834038,15.726897161682714,25.943573295252143,0.0,20.556994993722757,17.94126521315625,7.451060601726741,24.490395003036017,2.535992157138241,20.9702302697245,12.439278811079765,7.997202075351986,14.035732262428972,18.392126527780142,31.722172913464046,20.742775956714624,19.1012888976026,21.349073725813334,10.274166876882292,17.149832033522383,29.765763381101383,14.545781665512408,27.606032266619795,21.193720141290708,6.499723960631914,6.227516039159089,20.825291060125917,20.9081938229265,15.480704829961418,26.510107881602544,9.690131900692991,16.47059315058059,14.347698979479851,12.919022552039904,3.814508744492783,22.42371508186133,20.217595739757733,9.157636489388853,12.711984319574535,3.9582028933240943,2.826149674050628,20.45156081106251,3.7704897679774314,31.89553622065592,22.354643813378484,15.806471172653998,24.533377953513348,19.056171663292982,26.884976607111707,19.7546587769261,17.876195731575343,24.559486899060524,17.99279096690655,22.436210907510606,20.87047987877758,20.970350031274847,10.492549890853956,18.750224729498623,6.14281495302859,15.829012614979199,19.41937247670734,16.1397309518721,19.59435641229733,8.921758051857209,8.29733182070599,18.7179946441858,24.873757231731584,25.12106757231986,22.888359105400216,29.846485644746505,29.10550414942204,23.97733461703575,28.75471030002039,15.753738779750313,21.286169812427072,19.871734205453432,20.03589605321911,16.464886399361667,27.944413639345772,24.07754394209406,12.429235720959827,16.376175449272928,19.29810717718609,21.02109403239452,22.866892151106548,20.331240000859587,23.2313635689813,3.754071526092011,17.642704022014833,18.194647879372567,8.908577468866529,9.55998989091914,13.186416368594017,16.485053657162517,17.039600123717392,25.09321804637276,11.382969906643552,15.123552521174975,16.350959153376728,10.531888655925735,14.860432255481035
Live|nk cell,10.22352778560713,26.029675731660454,23.793646296373293,26.622203600989575,20.556994993722757,0.0,12.859209477681771,5.94688254299102,29.087089988575627,3.2151464642013643,14.552798493285984,19.11317148135699,9.104574661865238,13.383561971089087,18.78325188502772,25.90606859294746,12.141543060117584,15.39437245864024,10.165457449202437,9.348055145189015,18.612727849410543,24.963713795775373,19.882908610688443,22.080141088693438,19.201696286017206,8.666029770720433,5.644404977754436,15.654714646609676,22.331469448390557,14.18210349492181,19.69322272633229,8.261477835971448,16.314197411820672,11.24596552749989,16.551261319575598,3.8881210112082565,20.075534165569426,20.603055357352485,11.922127404864131,15.06979252235113,3.979164504491472,2.415646546364546,20.97235695661726,3.673000639705636,21.13976491302469,13.62447847326124,14.002208075270127,15.373640654497908,15.20543355690109,21.188124365722278,16.169688068369002,19.975343724824217,15.748654928393819,16.702315065860013,18.019879003903284,17.237676480522712,17.248036814334423,9.42848200276659,14.17312517248791,5.6365265507973215,17.066014825776264,20.912328881160924,21.12400060500325,14.832123008189969,8.193485995558996,8.239413859786692,17.535626686299647,21.14140587749161,23.978835525260024,21.929631710820825,23.73888548308109,25.723977627499178,21.921319713274297,24.72608641204549,17.75449817112737,19.287250758330774,18.863343364279906,15.074449470300257,15.476691929033692,25.392834342854975,23.35167726902673,12.115315330464732,17.088939962810045,24.58260616584224,22.15928276620313,21.57828103308056,16.539163808948516,22.903806560218584,3.9183904498687987,13.606329556454776,11.430914327850543,8.354279724443058,8.976200593752875,13.197825465048222,11.119785372586437,17.110593058696573,21.797552676290472,11.484016016284228,14.614841110057185,15.66967192776459,10.295248154730343,14.273806795909161
Live|t cell,7.71254253870512,17.13942535659651,15.336531671287476,16.561624093482035,17.94126521315625,12.859209477681771,0.0,6.450832181657905,15.18905919504305,2.6113500162393253,13.089372438969063,12.335402078406105,6.588966149648405,10.042001515777784,26.248895666700843,24.930272018393023,25.84371392963085,25.553344450109247,19.807904268602233,8.928623936343547,13.176592313870517,21.36587773020105,10.997589375743344,21.273113215269014,18.51636602213149,12.932480236184553,5.972193446451438,26.551057541250856,17.706003683708524,16.25014432981871,19.832465746169998,7.926982739959277,14.65036563899815,12.850913365089244,14.02298487459204,4.0791139163476515,26.20988300287586,17.56319319612862,10.760477743074814,16.044967710662004,4.162463827200877,2.8540898416444853,25.827050943864844,4.017650774541207,20.917804695266934,28.263042604889627,13.769150481302868,24.41307799594319,29.040867190022684,19.52904913902294,26.13081658302699,23.304703138299608,33.186827737188366,22.376540471587088,17.80648359808382,26.812297556270632,21.43934363353472,9.160395825750657,21.610713523527476,5.999003676109931,15.027433111262479,16.74889388737193,16.347293505922238,19.791381852499658,9.469246904886184,8.43301017649788,14.452449022408967,17.817066284889446,20.213807459710086,18.402187922780946,22.480805729984542,22.021364285326612,18.314515452226214,19.693500883672915,15.595673881775433,17.06121248170184,15.710872219196016,22.96809826805778,23.421637631109085,21.423998725398576,19.74129764856024,9.949670946924392,14.36465429326477,17.12220103681605,18.117930809132474,18.936625963459647,14.017238011765222,18.695328060959294,4.0675813917819506,22.223102701230314,20.5390274076185,8.529674883655032,12.765979964331214,11.363829867367826,21.573934983337068,14.78313476567078,17.888802327394004,10.13429521701082,12.21441232425918,13.123676973823569,9.80666094257328,11.693881832413108
Live|erythrocyte,5.44208213482272,7.477335534951094,7.4841530874454945,6.013764648668829,7.451060601726741,5.94688254299102,6.450832181657905,0.0,6.22892714001794,2.538655775044743,6.049653353797451,6.318431423054264,3.9773533913651775,7.141094490200067,7.010692127379083,7.716832780516656,7.022411552584808,7.280675094949546,7.33856999483966,4.458688624492137,7.666799905933612,8.759288396434611,5.237718744643624,8.579497250947062,8.426185079833381,4.7941865144452205,4.682065542695708,7.022712740610438,8.172120807442822,7.394998976322671,6.732920211900575,5.484565759766795,4.937126873193063,7.1811657637179,5.708781182879292,3.8037452871962705,7.014450550973443,5.477852509123968,7.040582425088696,6.548988400832607,3.824498543791068,3.889365523150567,7.119930360947113,3.869736978023031,8.221697285021602,7.453098999004816,6.667095059973587,7.992358677071041,7.309519988868554,8.193760153618108,7.261645056043689,7.342950002430281,7.790088034901073,7.878955991706504,7.148426667558533,7.625871648683681,7.665830642652567,6.264524384146157,6.635273560085352,14.147181714817545,4.947068576065215,7.9129764319875795,8.08229535504686,7.468237499774381,5.39539736208292,5.98155714013769,8.246951423749717,8.16566193280688,7.191773191242532,8.490884234621086,8.1880456785672,8.424909450627558,8.577921972169376,7.564493634482237,7.829758323980408,8.886806130573786,8.473274281827509,7.655621249368253,7.419469201229303,8.362552108467002,8.288724101151937,6.366138709882079,7.133698648450105,8.113480837161669,8.501865716833077,8.321586492964235,7.863088932721226,8.269889975592658,4.027816468122726,7.639274052327073,7.438814662186231,5.640814915067913,5.8372443028570595,7.444593329306295,7.153323148772828,7.847054283925068,7.902590569390421,6.57399629352384,6.862830119667932,7.696917850628762,6.35205755432704,6.603090520946487
Live|fibroblast,13.258592888638436,30.90592110592321,25.408918846331392,28.460193791016128,24.490395003036017,29.087089988575627,15.18905919504305,6.22892714001794,0.0,3.497074351337543,18.334010851175055,19.516185559273605,11.377214005247652,16.86816284309347,19.82843127255344,29.84007291025549,20.56771768476462,19.632949148485555,18.83228879054565,5.884732245041382,21.3820554425793,25.248333126072737,19.067892303918587,24.24616617657486,11.800804823214705,14.236043356428707,5.810942210303193,21.61054626643118,25.57057572986948,20.18822154017841,23.720142205261194,11.159184197982917,18.718975476318942,17.017926375216376,18.744499032153964,3.8385675839990037,20.976903224412226,21.242661556761647,14.070465444987613,14.60078205221933,3.8536358487954243,2.3991320653635873,22.29475679314187,3.8975963511921,26.36881434522908,22.377455732093875,19.67397656070377,22.97721287443818,21.215568911526038,26.77970825211427,21.53563699553033,19.23918027169803,23.721945945255527,19.48700543473021,17.347188443108962,22.767663290750903,21.637113018170524,9.707224316940607,19.84808263163701,5.863275950054109,18.394306162252153,21.575398826009003,22.1651911259422,21.03021418037629,11.065582447527843,9.522399175828637,24.007369013043373,33.1695794880879,32.991411633878954,25.992492436193906,34.86764565630293,33.30263535328722,22.028437730937053,42.314852132688195,21.884369069342842,24.48990061078716,19.674521437666815,24.698756674542892,21.448300353237066,27.29040561005889,27.127219051648066,12.175953861848368,12.866840355487025,26.84848324361683,26.22372423043805,17.855348287403597,23.23893904578865,22.78859476546685,4.342643465460653,19.673432276891297,20.908929970224506,11.910376793293542,11.25436766948312,6.994132347979877,18.744286761838985,11.474060832154391,23.464102644324598,11.37162655583233,7.7598328618198344,19.409782955293775,11.189217900717663,18.23081527992925
Live|neutrophil,2.623414688080818,2.8042836469469803,2.5240666409504557,4.10381122888888,2.535992157138241,3.2151464642013643,2.6113500162393253,2.538655775044743,3.497074351337543,0.0,3.4608487628717555,2.7815099749947345,2.867117907613255,3.0726133862400706,2.9772352225182135,2.8266464311417314,3.330221705202182,3.024943463793383,3.9223602951465355,3.915466201281366,3.2896288348834815,3.894882612095516,2.891537335479809,3.5538659071993104,3.8989195279452757,2.354054432291437,2.634164563697636,3.039727968029684,2.42920607945768,2.968631603625172,3.108779391497112,3.107909593656152,3.2510448809141432,3.2889974170468634,2.4956242885921545,1.9125205999910593,3.214317985521643,3.2412468528339926,2.1115231743020484,2.7517378792417304,1.983720828814559,2.1074718269224926,2.8599359292123965,1.6433664014591014,2.7064409003243375,3.0282288910648587,2.805500166250742,3.5028676247175268,2.811459354000173,3.2073563786534924,2.82235845647846,2.5950336279857567,3.0352482161136667,2.8978033104970193,4.320962953073399,2.982872110965332,3.043085744022004,2.5186480623156844,3.0512250146406963,2.935830560562677,2.9501022983479936,2.7829576690135585,2.4743621482905365,3.359129861940067,2.3094638372089564,2.509373770476469,2.8745311146081165,3.273942905780113,3.0158962606082085,2.5810676872689653,3.2378041429054183,2.725633706826712,4.147699716995949,3.135131123342598,2.4507672358617207,3.7952796393224406,4.070068700551417,3.010137414687813,2.835502015889639,3.403544462031874,3.0062603865419977,3.1256440083703225,3.425030787722017,2.663286978800566,2.5872763150832156,3.9030487412619763,4.05829500854003,3.7889584401838157,1.469032109926504,2.5781841926586875,3.1963551751403774,2.3716623284531844,2.29811005396306,3.456386231950518,2.6107259815972417,2.978070568118351,3.1266213438868133,2.870953193028989,2.3776148078685355,3.498728054960897,2.567280299592307,2.568954495109237
Live|intrahepatic c..,16.730864314712402,16.069914698411075,14.263473940051323,18.65405592043041,20.9702302697245,14.552798493285984,13.089372438969063,6.049653353797451,18.334010851175055,3.4608487628717555,0.0,11.529736210508172,7.629762579624583,13.391246444678991,14.924659719290558,20.8035193254094,16.50870913760418,15.050125262924263,16.25155300674723,9.516727273263225,18.077868243827492,24.899807171204397,12.427301901970479,23.330886264324935,20.50641493703241,11.136279459239262,5.929665424637814,17.18505144962103,18.376271482848782,14.404885612588979,20.307427287484682,10.538401021598304,16.92761702491143,13.081701508105454,13.883358600729979,4.199684287667953,17.98714932695649,19.314599477712175,10.995215767729988,11.327481130786236,4.1949275050604635,2.914010640201398,18.277190438450976,4.371167956796917,20.26793611462632,17.18510716018788,17.795114570404248,18.225866840907482,16.220567633676563,22.486157121765025,16.552791891325704,13.86276581931393,18.80123663917181,15.057499783741466,19.373056311199573,16.76860227215704,17.417657475066495,8.61161865692899,14.999428590460987,6.189012399503245,15.680755810919113,16.506023745322974,16.333297140158027,17.1020198939804,9.735893347711066,8.535663498410088,18.341043016654325,22.565349633282267,21.485777828287443,17.630434627122103,22.716049300074875,21.497280231315393,20.25579816527882,23.232008206732935,14.94130161328798,20.72970130543809,17.549783069164683,17.530702759410786,15.388848432338623,24.07244804464772,21.833515783765804,12.29435265626594,14.746879450273305,17.286241249394507,18.239466389153534,19.98199245141475,18.655834195786227,20.40275051170407,4.455674601547502,15.335803600386228,16.31490723936561,10.094899484128709,9.326971683601997,12.310085901165076,14.767888810879908,14.899701766800161,22.809014201814588,11.024679691482767,13.690156148493323,17.540353517379078,9.811521294209758,14.70402714651373
Live|liver dendriti..,10.383763334574047,16.515082871203788,15.33415383912245,18.91788675979443,12.439278811079765,19.11317148135699,12.335402078406105,6.318431423054264,19.516185559273605,2.7815099749947345,11.529736210508172,0.0,5.622009014849821,10.934406283542307,10.226276105720595,10.600782373265675,10.11142148558626,10.873583197296112,11.567760367572584,5.080948600205944,11.757432187650206,15.766561199521192,10.540250378541543,15.426147191979013,13.771050710951412,4.07633839183884,5.477328405220315,10.09687381170211,10.484461291870723,10.98188380562981,10.437700907199167,6.581321123114672,9.901696611718071,10.285758834783836,6.792252731272397,3.8654353732824136,10.435437280209412,10.765991074911968,7.336045182241412,9.947697379802753,3.9636166215621356,2.853732715247044,10.060150178425122,3.6524024998606164,11.568714353845277,10.816967159175617,8.721149793031035,13.105122979641784,10.289568072029565,12.3154334352219,11.183792369056247,11.977564242648398,12.477017728837382,12.364486515988023,12.56845553169805,12.309125399032707,10.875238268284097,8.384766544829565,9.698151971354587,5.4523967471665316,9.612100478397066,6.603807553941345,6.443431007411837,12.877137212713526,6.355968422471818,6.9514412707014905,10.4396458848519,15.191585646430724,13.479915034359996,13.722009315002737,15.905290688016075,13.352607324193603,15.446332298229425,14.712390473881857,10.338639441280378,13.579081102748786,13.41239788835192,11.693698924253173,10.484165072314164,16.23841399625304,15.33785827576136,8.914592322999823,11.613679129359419,5.847967559759981,13.46809749416879,14.55708565524016,12.190456889869399,15.132286928540752,3.87019012988785,10.723750088903742,11.444836366117356,6.9059853981888955,6.206701959385415,10.16828283360235,10.084728931131314,12.367592419902996,12.93622733427778,8.793975605728678,10.581192276326927,11.264884978318236,7.547777281130541,9.349721207519815
Live|plasma cell,6.2292355318760055,8.115165645555988,7.200895127795676,10.64207102245443,7.997202075351986,9.104574661865238,6.588966149648405,3.9773533913651775,11.377214005247652,2.867117907613255,7.629762579624583,5.622009014849821,0.0,6.479047038258404,3.787905384377777,8.32571971630903,7.902864151261366,6.755072000311702,7.8752073687781765,7.298926708622512,7.8221361711533355,10.078505996202162,6.66356204596264,11.207347982518893,9.215074999621539,5.340743951203927,3.675663663346193,6.750072397570596,6.9017915537065235,6.890680060914558,7.646853898339364,4.157785472406768,7.444515267019429,6.541827318761386,5.660683268779398,2.5139349885472537,4.496969820524655,7.185778638818197,4.856235769659718,3.7404820506773717,2.55387490666213,2.151469733671928,3.3066548857219633,2.355977763402908,7.501393647884937,6.955367274868887,6.298505650153224,7.507246483645646,5.7452435237658825,8.738082341078528,5.564223053460305,3.3908739383135185,7.96630242420109,7.150460286018128,9.764005005311166,7.4248465748758505,6.426290993053308,4.820887831000665,6.372436451079369,3.634241780120912,6.195764279693984,5.875364181337465,6.118834292827109,8.013021329713036,3.5548693528796633,5.0123456657324335,7.046450239707297,9.991493112996695,9.470008768442833,7.41558599440518,10.364143489177112,8.74732279998661,9.436837979751632,10.733620440482525,6.96462791645794,9.939343672006805,8.378187134238624,7.764836313609206,5.89553280352729,10.380173596134425,9.605719911887302,7.49455301837379,9.699076587809044,6.754165280290085,7.337355092735602,10.066496727665802,8.58064047266725,9.488298988976842,2.6141845671433,6.220315455389318,8.056248494373273,3.2067443035785117,2.046988245876151,7.609002176968423,5.822032592968599,8.833542519458598,9.174027861297025,6.961579291674776,7.177937958093874,8.292283289521915,5.51096344758398,7.768777375048832
Kidn|kidney epi,12.400728412740241,14.25038459701273,13.563240428036353,13.814987376038873,14.035732262428972,13.383561971089087,10.042001515777784,7.141094490200067,16.86816284309347,3.0726133862400706,13.391246444678991,10.934406283542307,6.479047038258404,0.0,12.105564247985878,15.212652283471552,10.084971051622684,10.985856596270994,11.518195764340529,3.396069602428374,28.741443621518314,18.56697088936824,18.87020755876961,17.2397313098109,15.827402045242286,9.369339068355572,5.135783857548554,11.748212211432131,18.329659433656563,12.835664164494132,13.822375878942747,8.091266420489566,14.766155044149153,11.697963648992719,12.299810140458375,3.7112476722950376,11.967525190201727,14.861437987860981,12.398553285618835,10.182054714525622,3.755747983201332,2.7289634689256697,13.562815498723644,3.8962846058528426,15.92474472025589,12.079570845381605,13.614181008636272,13.031898056867986,11.91512422817421,18.385862802068647,12.312571229618435,11.917831502163896,12.851121790388605,11.812585734704653,11.499768715510758,12.557186289265008,13.501765502307892,7.723525388208466,10.928401447697546,6.07807297042396,14.371906331094353,16.830533272286722,16.754484746642238,15.857617135401789,7.681711349209425,8.371564580048576,19.41624894491298,25.021081256104434,20.631068498641365,16.97352475640036,19.22906045865616,18.630390925374265,15.383022268309919,22.90847326125437,16.241822593080272,20.09659185594933,15.814825996043997,14.46448204618908,12.39978942469561,19.688751912501143,20.16054777374878,13.02866055454015,11.603910441083093,17.243549831079246,17.421003497314427,16.260501756879407,16.99294225183152,17.064817557350768,4.174842188231964,11.488856156722425,12.159238769722187,8.915881116621613,9.045286703877476,12.26821803210484,10.796507994614446,15.581719971909905,19.603813028495477,10.533907219378106,14.275718638840562,16.064549883201206,9.170010431802778,14.506583020721276
Kidn|b cell,14.242480363173101,13.771218366865254,12.623472366202968,20.866997089416984,18.392126527780142,18.78325188502772,26.248895666700843,7.010692127379083,19.82843127255344,2.9772352225182135,14.924659719290558,10.226276105720595,3.787905384377777,12.105564247985878,0.0,20.427821669295465,31.427281444941517,31.001798534183163,18.305053644373334,6.166104149492149,13.228948009692267,19.861233068316196,12.702826165227924,22.78124860996033,20.535800784189306,10.214114066111307,5.443096605923675,27.640297666438244,14.127665136145522,18.786198563450466,14.699169444752709,5.37539972185685,14.051739575714965,12.135041539914928,11.819425803440065,3.826499718145386,15.567709435581506,14.926291164384002,7.767385225552717,6.364469480095447,3.931213176969028,2.493046530076554,10.256537800607871,3.7225561985909574,15.626502552152774,22.654903340473467,8.893879605795574,20.101885042779475,23.58507691490098,16.601493086551812,24.922333794099895,10.740515955570368,27.340936102417984,22.309372267394455,16.363998327104568,22.260401524609996,18.479752194598838,7.914373493968225,16.94691077863926,4.975494988924138,12.241178940367588,10.767261256203941,10.570841188811784,16.55936330885743,5.188102893962386,6.704565202509947,11.968268743061527,18.201753805285843,23.112844058301224,15.414544366743193,23.12803664298803,18.816753744898186,18.541335398896763,19.66958586425019,13.943845431967832,16.21176000185941,14.863440964435659,24.42606335482324,26.041895053762417,23.868247673414928,22.3484178609491,9.710413581042342,15.474388299564481,12.410517570573628,14.777276387165786,19.361643338768122,13.696658917957206,18.77552087467984,3.723138634517745,18.050823385446016,19.972278731428517,5.061145357789097,2.7051858373496067,12.08168857197105,18.551100108635495,15.459730038535934,17.113257843743476,10.45017863136719,10.979778259630224,12.928098457419491,7.108044161351416,11.589168812446793
Kidn|macrophage,17.943034178407846,12.30704820941653,10.138037754759798,34.37940503439541,31.722172913464046,25.90606859294746,24.930272018393023,7.716832780516656,29.84007291025549,2.8266464311417314,20.8035193254094,10.600782373265675,8.32571971630903,15.212652283471552,20.427821669295465,0.0,26.747964514471082,22.932168553665168,24.91363053622598,11.114089584977663,19.1275207750066,31.22547283093674,18.32156462194977,31.49614925337519,23.877638960482237,6.000641867281128,5.528932663374599,25.544487044583324,6.1718168553607695,17.98779447638012,25.756287405825205,8.022353968405268,17.89088364518574,15.560317045195745,12.877912416546282,3.200749536236067,24.90920521045038,23.515961732980653,3.357577251651774,13.451418279060375,3.2215559481036955,2.282614302949235,23.070923765014285,2.90611985045668,12.667883034408261,24.795956558094616,14.02837524196345,24.657878359893882,21.567384471555073,18.784768776588336,23.09542885651128,17.114526879293592,27.748708247432802,19.537430511213792,25.047582098942886,22.94450393167856,24.418707841485528,8.37439229510481,21.374009158670564,5.378886786662937,17.25395494624381,14.05474447952012,6.374897414941033,20.49563633546246,7.152566652406616,6.282982997081216,12.123474413689623,27.87455281282687,32.58243645423203,5.9810698322936195,35.21597879520787,11.224018881121133,25.652644067734766,32.90875871320382,14.254096866069196,21.82144317819442,20.19866061744333,23.808867738646168,19.979997747000695,34.59488469255457,28.79396488891526,11.896982509303704,16.676203473337495,11.67421118268903,3.6642695440924604,24.663885994250514,19.868820314224145,26.318223002310305,2.8546785905490375,18.17217771833448,19.725576069810046,7.213903654852201,8.174284663640252,12.39015308537683,15.837681239100316,17.802527395251463,25.13455617534059,11.227180245850416,13.586169315669647,16.496191470942286,8.883810699695767,13.621417448381395
"Kidn|cd8-positive, ..",14.66311326388337,14.239492434704543,13.384279674224612,22.691290415436725,20.742775956714624,12.141543060117584,25.84371392963085,7.022411552584808,20.56771768476462,3.330221705202182,16.50870913760418,10.11142148558626,7.902864151261366,10.084971051622684,31.427281444941517,26.747964514471082,0.0,8.555741466520308,13.543761710713246,12.659048455066207,13.665300991750419,20.373929295442082,14.14929018411278,23.168680398697006,20.73503701910545,9.526365562013602,5.84485394993699,13.07378960691374,16.801090897558996,3.8134498841119453,18.449568869398238,6.719170875217508,14.533718306981145,8.051709993957573,12.435712806319813,3.540736179083286,29.79388406301475,18.148824056013087,7.201774869954577,15.793457510537555,3.629854586628593,1.9575268713774672,23.22013370323425,3.1748270146019664,19.21828260223433,9.698809781822261,10.839148282043876,13.453975975040404,9.701754024892457,17.73570452892587,9.916030302149904,17.37434197713908,13.969466081654883,4.793087626421117,21.264351751795445,9.545640383295845,12.559515331334143,8.356471599642784,13.138474367252917,4.953422372018887,14.299682519251517,12.99638243120999,11.283175445492237,8.040690155648363,6.099495808980302,6.1333661940619315,12.025057697869228,18.59196417493241,22.754362781495736,15.415029603453169,22.676531140232942,19.48312604214398,19.378165711296568,21.930687675940597,13.144201041832156,15.415229486968615,15.504785446716962,5.9412505874679855,4.62556861985989,23.35831794238664,20.279951757401218,10.727262885979345,16.674012102114503,13.790975819125473,15.123138258715244,19.59579053561877,13.992368646891512,19.277427220159222,3.001324648625755,5.390806821232689,11.153016462781325,6.053268686794096,6.314331135301485,11.156596382444162,3.6354427115815637,14.020700234871805,17.088195503334482,10.33942427105656,10.52202297469805,13.8392883223571,7.349161363661287,11.558803037874874
Kidn|cd4-positive h..,14.200038492200669,14.471182642655153,13.290790624926547,20.192289117159692,19.1012888976026,15.39437245864024,25.553344450109247,7.280675094949546,19.632949148485555,3.024943463793383,15.050125262924263,10.873583197296112,6.755072000311702,10.985856596270994,31.001798534183163,22.932168553665168,8.555741466520308,0.0,13.883859651401398,7.2499048224896,13.119045655481106,20.304187799061477,12.556472101073467,21.950145934801267,20.49589550181559,9.558109070757554,5.744572724831461,11.743136578197761,15.89136096260932,10.651782714818305,15.379912316856387,6.58354888268975,13.591343392915782,10.168715462414106,12.001264273692332,3.971635919273425,26.71877938889028,14.270082619885418,8.069645731231711,16.738430082840853,4.012886482453479,2.2390087382970867,23.55222183405592,3.818023769080688,16.94151787804874,13.129700809442667,10.490125883923172,16.938962974526696,8.293504672205174,16.162608078634054,8.138291302016182,22.804432704816858,18.81078045438848,13.313932153497342,16.806775417015153,17.05113845250928,7.144342483200665,7.9656632725503425,11.705069951635062,5.135430368154627,11.905918405246418,12.544197570773157,12.145927344096368,13.40214945166715,6.178496391230409,6.275594609833887,11.569864615175238,18.79824022195174,21.86708628214432,15.901516186775984,23.507919290940187,20.161237527245042,18.140139194924256,19.965918805702273,14.619818031903165,16.56640739057375,14.822770873904672,10.419208133100174,7.403303708418279,22.857495696343797,22.117772992901433,9.902801345827728,15.95573685029279,14.00680108650356,15.63622045155596,19.47566640549581,13.853401841283645,18.128762465504572,3.679637201278694,7.191784566862376,14.754435775377056,6.040962031995426,9.92466417111716,11.724950623970397,8.356474913492246,14.76711671774537,16.0179369792017,10.61289777267311,10.434695184416446,12.60179619709482,7.78428460131828,11.230459138972591
Kidn|nk cell,15.420599986798,15.976892487567895,15.050438253220024,20.863017716508498,21.349073725813334,10.165457449202437,19.807904268602233,7.33856999483966,18.83228879054565,3.9223602951465355,16.25155300674723,11.567760367572584,7.8752073687781765,11.518195764340529,18.305053644373334,24.91363053622598,13.543761710713246,13.883859651401398,0.0,14.0144566162305,13.899920810430574,20.911170318871918,14.09339068859119,20.607241423451125,19.275576352831095,6.308760503521439,6.6757022757491615,14.742215547338747,17.460640088508654,7.018794189345692,17.448714072347485,7.617626979976406,14.023589282567688,3.441686297268642,11.556952270814877,4.189739779538707,22.38563472386481,16.69036654008203,8.484194265424387,12.393582146294738,4.207013974888847,2.5587252333473223,18.62009411798364,3.954883347247763,21.239465062018883,9.878088626016504,11.546629456461773,8.719327788892938,10.772456299506974,19.47291243688984,10.78281278052235,12.63513310190495,12.251799676176176,7.559771352225557,21.25511749671614,9.106013747139926,17.17066388950647,10.078478741650809,12.334360638920124,5.630554487729898,13.652007980501706,14.578112822135406,13.900810801122852,12.845049669257133,6.549793957918887,7.4234004090820935,14.006935237118102,18.513134323281346,19.594696933714108,16.463968294658937,20.18502496223892,19.58315167436817,20.809408038202353,20.136282742802337,12.376454528933069,17.06946730464673,17.291420090536022,7.526016009341377,7.911477649791542,22.831426019730007,18.507501963786275,11.68337791869572,16.570966444336474,15.146710964295167,16.164125064101345,19.760733824466175,15.426473013039073,20.396690605657216,4.114820325028812,7.891250564041208,4.825231949140309,6.664406759375755,5.627889937674653,11.918201450092237,5.338973715842699,14.391393304401765,17.486411075008714,10.386672569851346,11.524094219721174,14.257271201835733,8.545805351383239,12.465045400759767
Kidn|EC,9.304590338966701,7.367888651595659,5.900823324202194,6.590974449324306,10.274166876882292,9.348055145189015,8.928623936343547,4.458688624492137,5.884732245041382,3.915466201281366,9.516727273263225,5.080948600205944,7.298926708622512,3.396069602428374,6.166104149492149,11.114089584977663,12.659048455066207,7.2499048224896,14.0144566162305,0.0,5.751545559288333,4.8617543182157235,5.7487492526697785,10.432543099366839,8.224211816959706,6.028666422396675,3.579212251539418,8.457189456687445,4.950103063069905,6.841740086995541,13.306071562924823,5.225085635773112,9.777370109893159,8.06961481387441,5.097581880416013,1.5454817395625917,10.97395663660504,11.968587736163297,2.456772365322969,4.741571827539615,1.609237726624453,1.1508938822432706,7.041828133003899,1.381518601936496,8.560121339577202,9.025513983976106,8.107886011657177,10.833464833069003,5.299440119900294,9.420627552707888,4.925947813557166,3.6241567024108297,10.883686231966058,6.510034278211,12.56813110404844,9.266201381456794,8.930847028447156,4.4781212842815705,8.74078397809587,3.1381677790879263,8.928052805537527,5.449805824451607,3.8980162832552994,7.123989265072099,3.791253304496791,4.271022651478125,4.821679699471167,7.510851703919918,6.218200798961891,4.654564868709926,7.050646551924198,6.594494747500049,4.549367920303118,8.164912211422568,3.439805342706799,4.822606736916795,3.5389133935500294,6.773934139275607,4.846739147337092,3.7932671783782914,2.7543048405736736,5.1025721677255325,7.307844222797265,5.271316326333746,4.394445520044295,6.830724667980197,7.007773601895399,3.9884818197733627,1.4235044445025242,4.040898415616413,9.486187757412605,2.757263580675585,2.475517179378255,4.646156952716024,3.952469628012202,3.9886754024470417,4.302628308341006,3.6344187447302163,3.0051336605816377,5.3049127520211306,3.9700032277171116,5.845797939208724
